142,1193,1003.08,22.07
154,1289,1003.03,22.06
188,1554,1003.13,22.09
189,0.95,-0.02,0.31,0.06,0.05,0.12,-1.07
193,0.94,-0.02,0.32,0.06,0.05,0.13,-1.07
194,1608,1003.07,22.09
195,0.94,-0.02,0.32,0.06,0.05,0.11,-1.07
196,1629,1003.07,22.09
197,0.94,-0.03,0.32,0.06,0.05,0.11,-1.07
198,1650,1003.07,22.09
199,0.94,-0.03,0.33,0.06,0.05,0.12,-1.07
200,1671,1003.11,22.09
201,0.94,-0.03,0.33,0.06,0.06,0.12,-1.06
202,1691,1003.11,22.09
203,0.94,-0.03,0.34,0.06,0.05,0.12,-1.06
204,1713,1003.11,22.08
205,0.94,-0.03,0.34,0.06,0.05,0.11,-1.07
206,1733,1003.11,22.08
207,0.93,-0.03,0.35,0.06,0.05,0.12,-1.07
208,1754,1003.04,22.08
209,0.93,-0.03,0.35,0.06,0.05,0.12,-1.07
210,1775,1003.04,22.08
211,0.93,-0.03,0.35,0.06,0.05,0.12,-1.07
212,1796,1003.04,22.10
213,0.93,-0.03,0.36,0.06,0.05,0.11,-1.07
214,1817,1003.04,22.10
215,0.93,-0.03,0.36,0.06,0.05,0.11,-1.06
216,1838,1003.12,22.10
217,0.93,-0.03,0.37,0.06,0.05,0.12,-1.06
218,1858,1003.12,22.10
219,0.92,-0.03,0.37,0.06,0.05,0.11,-1.07
220,1880,1003.12,22.08
221,0.92,-0.03,0.38,0.06,0.05,0.12,-1.07
222,1900,1003.12,22.08
223,0.92,-0.03,0.38,0.06,0.05,0.12,-1.06
224,1921,1003.04,22.08
225,0.92,-0.03,0.38,0.06,0.05,0.12,-1.06
226,1942,1003.04,22.08
227,0.92,-0.03,0.39,0.07,0.05,0.11,-1.07
228,1963,1003.04,22.07
229,0.92,-0.03,0.39,0.07,0.05,0.12,-1.07
230,1984,1003.04,22.07
231,0.91,-0.03,0.40,0.07,0.05,0.12,-1.06
232,2004,1003.05,22.07
233,0.91,-0.03,0.40,0.07,0.05,0.12,-1.06
234,2025,1003.05,22.07
235,0.91,-0.03,0.40,0.07,0.05,0.12,-1.07
236,2046,1003.05,22.10
237,0.91,-0.03,0.41,0.07,0.06,0.11,-1.06
238,2067,1003.06,22.10
239,0.91,-0.03,0.41,0.07,0.05,0.12,-1.06
240,2087,1003.06,22.10
241,0.90,-0.03,0.42,0.07,0.05,0.11,-1.07
242,2109,1003.06,22.10
243,0.90,-0.03,0.42,0.07,0.05,0.11,-1.07
244,2129,1003.06,22.07
245,0.90,-0.03,0.42,0.07,0.06,0.11,-1.07
246,2151,1002.97,22.07
247,0.90,-0.03,0.43,0.07,0.05,0.12,-1.06
248,2171,1002.97,22.07
249,0.90,-0.03,0.43,0.07,0.05,0.12,-1.07
250,2192,1002.97,22.07
251,0.89,-0.03,0.44,0.07,0.06,0.11,-1.07
252,2213,1002.97,22.12
253,0.89,-0.03,0.44,0.07,0.05,0.12,-1.06
254,2234,1003.15,22.12
255,0.89,-0.03,0.45,0.07,0.05,0.11,-1.06
256,2255,1003.15,22.12
257,0.89,-0.03,0.45,0.07,0.05,0.12,-1.07
258,2276,1003.15,22.10
259,0.89,-0.03,0.45,0.07,0.05,0.11,-1.07
260,2297,1003.15,22.10
261,0.88,-0.03,0.46,0.07,0.05,0.12,-1.06
262,2318,1003.05,22.10
263,0.88,-0.03,0.46,0.07,0.06,0.12,-1.07
264,2338,1003.05,22.10
265,0.88,-0.03,0.47,0.07,0.05,0.12,-1.07
266,2360,1003.05,22.10
267,0.88,-0.03,0.47,0.07,0.05,0.11,-1.06
268,2380,1003.05,22.10
269,0.88,-0.03,0.47,0.07,0.05,0.12,-1.07
270,2402,1003.08,22.10
271,0.87,-0.03,0.48,0.07,0.05,0.12,-1.06
272,2422,1003.08,22.10
273,0.87,-0.04,0.48,0.07,0.05,0.12,-1.06
274,2443,1003.08,22.05
275,0.87,-0.04,0.49,0.07,0.05,0.12,-1.07
276,2464,1003.08,22.05
277,0.87,-0.04,0.49,0.07,0.06,0.12,-1.08
278,2485,1002.94,22.05
279,0.86,-0.03,0.49,0.07,0.06,0.12,-1.09
280,2506,1002.94,22.05
281,0.86,-0.03,0.50,0.07,0.08,0.13,-1.17
282,2527,1002.94,22.11
283,0.86,-0.03,0.51,0.07,0.16,0.20,-1.34
284,2547,1002.94,22.11
285,0.85,-0.02,0.51,0.08,0.12,0.19,-1.23
286,2569,1003.11,22.11
287,0.85,-0.01,0.53,0.08,0.06,0.06,-0.99
288,2589,1003.11,22.11
289,0.84,-0.01,0.53,0.08,0.02,-0.03,-0.83
290,2611,1003.11,22.09
291,0.84,-0.00,0.54,0.08,0.08,0.07,-0.83
292,2631,1003.01,22.09
293,0.83,-0.00,0.54,0.08,0.08,0.11,-0.89
294,2653,1003.01,22.09
295,0.83,-0.01,0.55,0.09,0.09,0.08,-0.98
296,2673,1003.01,22.09
297,0.83,-0.01,0.55,0.09,0.08,0.01,-1.05
298,2694,1003.01,22.10
299,0.83,-0.02,0.55,0.09,0.08,0.02,-1.04
300,2715,1003.07,22.10
301,0.83,-0.02,0.55,0.09,0.08,0.05,-1.03
302,2736,1003.07,22.10
303,0.82,-0.03,0.55,0.10,0.11,0.09,-1.22
304,2757,1003.07,22.12
305,0.82,-0.03,0.56,0.09,0.17,0.18,-1.48
306,2778,1003.07,22.12
307,0.82,-0.02,0.57,0.10,0.20,0.21,-1.55
308,2798,1003.06,22.12
309,0.81,-0.01,0.58,0.10,0.08,0.09,-0.88
310,2820,1003.06,22.12
311,0.80,-0.01,0.59,0.10,0.08,-0.00,-0.77
312,2840,1003.06,22.10
313,0.80,-0.01,0.59,0.09,0.11,-0.00,-0.78
314,2862,1003.06,22.10
315,0.80,-0.01,0.59,0.09,0.18,0.09,-0.84
316,2882,1003.02,22.10
317,0.80,-0.01,0.59,0.09,0.16,0.08,-0.87
318,2903,1003.02,22.10
319,0.80,-0.02,0.60,0.09,0.12,0.09,-0.85
320,2924,1003.02,22.10
321,0.79,-0.02,0.60,0.09,0.08,0.12,-0.86
322,2945,1003.02,22.10
323,0.79,-0.03,0.60,0.10,0.07,0.10,-1.07
324,2966,1002.98,22.10
325,0.79,-0.04,0.60,0.10,0.13,0.16,-1.42
326,2987,1002.98,22.10
327,0.79,-0.04,0.60,0.10,0.15,0.18,-1.53
328,3007,1002.98,22.09
329,0.79,-0.04,0.60,0.10,0.04,0.06,-1.09
330,3028,1002.98,22.09
331,0.79,-0.05,0.61,0.10,0.06,0.04,-0.93
332,3049,1002.93,22.09
333,0.78,-0.05,0.61,0.10,0.13,0.18,-0.98
334,3070,1002.93,22.09
335,0.78,-0.05,0.61,0.10,0.14,0.19,-1.06
336,3091,1002.93,22.09
337,0.78,-0.05,0.61,0.10,0.11,0.14,-1.11
338,3111,1002.97,22.09
339,0.78,-0.05,0.62,0.09,0.10,0.12,-1.17
340,3133,1002.97,22.09
341,0.77,-0.05,0.62,0.09,0.09,0.10,-1.17
342,3153,1002.97,22.09
343,0.77,-0.05,0.63,0.09,0.07,0.08,-1.03
344,3175,1002.97,22.10
345,0.77,-0.05,0.63,0.09,0.10,0.11,-1.04
346,3195,1002.99,22.10
347,0.77,-0.04,0.63,0.08,0.13,0.13,-1.18
348,3216,1002.99,22.10
349,0.76,-0.04,0.64,0.08,0.12,0.10,-1.24
350,3237,1002.99,22.10
351,0.76,-0.03,0.65,0.07,0.07,0.08,-1.15
352,3258,1002.99,22.13
353,0.76,-0.02,0.65,0.07,0.06,0.01,-0.98
354,3279,1003.11,22.13
355,0.75,-0.01,0.65,0.06,0.08,-0.02,-1.02
356,3300,1003.11,22.13
357,0.76,-0.01,0.65,0.06,0.10,0.00,-1.04
358,3320,1003.11,22.11
359,0.76,-0.00,0.65,0.06,0.11,0.00,-1.05
360,3342,1003.11,22.11
361,0.76,0.01,0.65,0.06,0.12,0.05,-1.01
362,3362,1002.97,22.11
363,0.76,0.01,0.65,0.06,0.13,0.11,-1.00
364,3384,1002.97,22.11
365,0.75,0.01,0.65,0.06,0.17,0.14,-0.84
366,3404,1002.97,22.15
367,0.75,0.01,0.65,0.08,0.15,0.32,-0.62
368,3426,1002.97,22.15
369,0.74,-0.01,0.66,0.10,0.10,0.17,-0.61
370,3446,1003.13,22.15
371,0.74,-0.04,0.66,0.11,-0.07,0.12,-1.12
372,3468,1003.13,22.15
373,0.74,-0.06,0.66,0.13,0.04,0.01,-2.00
374,3488,1003.13,22.14
375,0.74,-0.06,0.66,0.12,0.12,0.14,-2.00
376,3509,1003.13,22.14
377,0.73,-0.05,0.67,0.12,-0.12,-0.05,-1.61
378,3530,1003.05,22.14
379,0.72,-0.05,0.68,0.12,-0.21,-0.30,-1.28
380,3551,1003.05,22.14
381,0.71,-0.04,0.69,0.11,-0.13,-0.08,-1.09
382,3571,1003.05,22.12
383,0.72,-0.02,0.69,0.10,-0.18,0.28,-0.91
384,3593,1003.02,22.12
385,0.75,0.00,0.65,0.09,0.54,0.48,-0.23
386,3613,1003.02,22.12
387,0.75,0.00,0.65,0.10,0.42,0.32,-0.46
388,3635,1003.02,22.12
389,0.75,0.00,0.65,0.10,0.12,0.19,-0.70
390,3655,1003.02,22.12
391,0.75,-0.00,0.65,0.10,0.08,0.21,-0.71
392,3677,1002.98,22.12
393,0.74,-0.01,0.66,0.11,-0.13,0.07,-1.03
394,3697,1002.98,22.12
395,0.74,-0.03,0.66,0.11,-0.25,-0.00,-1.37
396,3718,1002.98,22.12
397,0.74,-0.04,0.66,0.12,-0.32,-0.09,-1.51
398,3739,1002.98,22.15
399,0.73,-0.05,0.66,0.12,-0.24,-0.10,-1.32
400,3760,1003.02,22.15
401,0.73,-0.05,0.67,0.12,-0.15,0.01,-1.14
402,3781,1003.02,22.15
403,0.73,-0.05,0.67,0.11,-0.06,0.18,-1.07
404,3802,1003.02,22.15
405,0.73,-0.05,0.67,0.11,-0.01,0.24,-1.01
406,3822,1003.02,22.15
407,0.73,-0.05,0.67,0.11,0.02,0.26,-0.97
408,3844,1003.05,22.15
409,0.73,-0.05,0.67,0.11,-0.03,0.23,-1.02
410,3864,1003.05,22.15
411,0.72,-0.05,0.68,0.11,-0.08,0.14,-1.05
412,3885,1003.05,22.16
413,0.72,-0.05,0.68,0.12,-0.13,0.09,-1.10
414,3906,1003.05,22.16
415,0.72,-0.05,0.68,0.12,-0.15,0.07,-1.09
416,3927,1003.04,22.16
417,0.71,-0.05,0.69,0.12,-0.13,0.09,-1.11
418,3948,1003.04,22.16
419,0.71,-0.05,0.69,0.12,-0.11,0.13,-1.07
420,3969,1003.04,22.17
421,0.71,-0.05,0.69,0.12,-0.08,0.15,-1.04
422,3989,1003.04,22.17
423,0.71,-0.05,0.69,0.12,-0.06,0.16,-1.05
424,4011,1003.06,22.17
425,0.70,-0.05,0.70,0.12,-0.08,0.17,-1.07
426,4031,1003.06,22.17
427,0.70,-0.05,0.70,0.12,-0.10,0.14,-1.06
428,4051,1003.06,22.16
429,0.70,-0.05,0.70,0.11,-0.11,0.12,-1.08
430,4073,1003.06,22.16
431,0.69,-0.06,0.71,0.11,-0.12,0.12,-1.09
432,4093,1003.02,22.16
433,0.69,-0.05,0.71,0.11,-0.11,0.12,-1.11
434,4115,1003.02,22.16
435,0.69,-0.05,0.71,0.11,-0.10,0.13,-1.13
436,4135,1003.02,22.16
437,0.68,-0.05,0.72,0.11,-0.10,0.11,-1.08
438,4156,1003.03,22.16
439,0.68,-0.05,0.72,0.11,-0.09,0.08,-1.03
440,4177,1003.03,22.16
441,0.68,-0.05,0.73,0.10,-0.08,0.09,-1.02
442,4198,1003.03,22.16
443,0.67,-0.05,0.73,0.10,-0.08,0.09,-1.01
444,4218,1003.03,22.15
445,0.67,-0.05,0.73,0.10,-0.08,0.10,-1.03
446,4240,1003.00,22.15
447,0.67,-0.04,0.73,0.09,-0.08,0.11,-1.08
448,4260,1003.00,22.15
449,0.66,-0.04,0.74,0.09,-0.09,0.10,-1.07
450,4282,1003.00,22.16
451,0.66,-0.04,0.74,0.09,-0.09,0.06,-1.02
452,4302,1003.00,22.16
453,0.66,-0.04,0.74,0.09,-0.10,0.04,-1.04
454,4323,1003.02,22.16
455,0.65,-0.05,0.75,0.09,-0.10,0.06,-1.10
456,4344,1003.02,22.16
457,0.65,-0.05,0.75,0.09,-0.08,0.08,-1.06
458,4365,1003.02,22.15
459,0.65,-0.05,0.75,0.09,-0.08,0.10,-1.05
460,4386,1003.02,22.15
461,0.65,-0.05,0.75,0.09,-0.09,0.09,-1.07
462,4407,1003.08,22.15
463,0.64,-0.05,0.76,0.09,-0.10,0.06,-1.06
464,4427,1003.08,22.15
465,0.64,-0.05,0.76,0.09,-0.10,0.05,-1.06
466,4449,1003.08,22.11
467,0.64,-0.05,0.76,0.09,-0.10,0.06,-1.09
468,4469,1003.08,22.11
469,0.63,-0.05,0.77,0.09,-0.10,0.08,-1.08
470,4490,1002.92,22.11
471,0.63,-0.05,0.77,0.09,-0.09,0.08,-1.04
472,4511,1002.92,22.11
473,0.63,-0.05,0.77,0.09,-0.08,0.09,-1.04
474,4532,1002.92,22.18
475,0.62,-0.05,0.77,0.09,-0.09,0.09,-1.07
476,4553,1002.92,22.18
477,0.62,-0.05,0.78,0.09,-0.09,0.08,-1.07
478,4574,1003.06,22.18
479,0.62,-0.05,0.78,0.09,-0.10,0.08,-1.07
480,4594,1003.06,22.18
481,0.61,-0.05,0.78,0.09,-0.11,0.07,-1.10
482,4616,1003.06,22.17
483,0.61,-0.05,0.78,0.09,-0.11,0.06,-1.05
484,4636,1003.10,22.17
485,0.61,-0.05,0.79,0.09,-0.10,0.06,-1.05
486,4657,1003.10,22.17
487,0.60,-0.05,0.79,0.09,-0.08,0.09,-1.07
488,4678,1003.10,22.17
489,0.60,-0.05,0.79,0.09,-0.08,0.10,-1.07
490,4699,1003.10,22.17
491,0.60,-0.05,0.79,0.10,-0.10,0.08,-1.05
492,4720,1003.04,22.17
493,0.59,-0.05,0.80,0.10,-0.10,0.08,-1.07
494,4741,1003.04,22.17
495,0.59,-0.05,0.80,0.10,-0.10,0.07,-1.07
496,4761,1003.04,22.17
497,0.59,-0.05,0.80,0.10,-0.10,0.08,-1.06
498,4783,1003.04,22.17
499,0.58,-0.05,0.80,0.10,-0.10,0.09,-1.07
500,4803,1003.07,22.17
501,0.58,-0.05,0.80,0.10,-0.09,0.09,-1.06
502,4824,1003.07,22.17
503,0.58,-0.05,0.81,0.10,-0.10,0.09,-1.07
504,4845,1003.07,22.17
505,0.57,-0.06,0.81,0.10,-0.10,0.08,-1.06
506,4866,1003.07,22.17
507,0.57,-0.06,0.81,0.10,-0.10,0.08,-1.06
508,4886,1003.01,22.17
509,0.57,-0.06,0.81,0.10,-0.11,0.08,-1.08
510,4908,1003.01,22.17
511,0.56,-0.06,0.82,0.10,-0.10,0.09,-1.08
512,4928,1003.01,22.17
513,0.56,-0.06,0.82,0.10,-0.10,0.08,-1.05
514,4950,1003.01,22.17
515,0.56,-0.06,0.82,0.10,-0.10,0.08,-1.05
516,4970,1002.98,22.17
517,0.55,-0.06,0.82,0.10,-0.10,0.09,-1.08
518,4990,1002.98,22.17
519,0.55,-0.06,0.83,0.10,-0.10,0.08,-1.08
520,5012,1002.98,22.16
521,0.55,-0.06,0.83,0.10,-0.10,0.08,-1.05
522,5032,1002.98,22.16
523,0.54,-0.06,0.83,0.10,-0.10,0.09,-1.07
524,5053,1002.97,22.16
525,0.54,-0.06,0.83,0.10,-0.10,0.08,-1.06
526,5074,1002.97,22.16
527,0.54,-0.06,0.83,0.10,-0.10,0.09,-1.08
528,5095,1002.97,22.18
529,0.53,-0.06,0.84,0.10,-0.10,0.08,-1.07
530,5116,1002.97,22.18
531,0.53,-0.06,0.84,0.10,-0.10,0.08,-1.06
532,5137,1003.03,22.18
533,0.53,-0.06,0.84,0.10,-0.10,0.08,-1.10
534,5157,1003.03,22.18
535,0.52,-0.06,0.84,0.10,-0.10,0.08,-1.05
536,5179,1003.03,22.15
537,0.52,-0.06,0.85,0.10,-0.09,0.10,-1.04
538,5199,1002.98,22.15
539,0.52,-0.06,0.85,0.10,-0.10,0.10,-1.07
540,5220,1002.98,22.15
541,0.51,-0.06,0.85,0.10,-0.11,0.07,-1.07
542,5241,1002.98,22.15
543,0.51,-0.06,0.85,0.10,-0.11,0.07,-1.09
544,5262,1002.98,22.19
545,0.50,-0.06,0.85,0.10,-0.10,0.07,-1.05
546,5283,1003.08,22.19
547,0.50,-0.06,0.86,0.10,-0.09,0.09,-1.05
548,5304,1003.08,22.19
549,0.50,-0.06,0.86,0.10,-0.10,0.10,-1.07
550,5324,1003.08,22.19
551,0.49,-0.06,0.86,0.10,-0.10,0.08,-1.05
552,5346,1003.08,22.17
553,0.49,-0.06,0.86,0.10,-0.10,0.08,-1.08
554,5366,1003.06,22.17
555,0.49,-0.06,0.86,0.10,-0.11,0.08,-1.08
556,5387,1003.06,22.17
557,0.48,-0.06,0.87,0.10,-0.11,0.08,-1.06
558,5408,1003.06,22.17
559,0.48,-0.06,0.87,0.10,-0.10,0.08,-1.07
560,5429,1003.06,22.17
561,0.48,-0.06,0.87,0.10,-0.10,0.09,-1.07
562,5449,1003.00,22.17
563,0.47,-0.06,0.87,0.10,-0.10,0.08,-1.07
564,5471,1003.00,22.17
565,0.47,-0.06,0.87,0.10,-0.10,0.08,-1.06
566,5491,1003.00,22.17
567,0.47,-0.06,0.88,0.10,-0.11,0.08,-1.08
568,5513,1003.00,22.17
569,0.46,-0.06,0.88,0.10,-0.10,0.08,-1.08
570,5533,1003.04,22.17
571,0.46,-0.06,0.88,0.10,-0.11,0.07,-1.05
572,5554,1003.04,22.17
573,0.46,-0.06,0.88,0.10,-0.10,0.08,-1.05
574,5575,1003.04,22.13
575,0.45,-0.06,0.88,0.10,-0.10,0.09,-1.07
576,5596,1003.04,22.13
577,0.45,-0.06,0.88,0.10,-0.10,0.09,-1.07
578,5616,1002.85,22.13
579,0.44,-0.06,0.89,0.10,-0.10,0.08,-1.05
580,5638,1002.85,22.13
581,0.44,-0.06,0.89,0.10,-0.10,0.08,-1.07
582,5658,1002.85,22.18
583,0.44,-0.07,0.89,0.10,-0.11,0.08,-1.07
584,5680,1002.85,22.18
585,0.43,-0.07,0.89,0.10,-0.10,0.09,-1.06
586,5700,1003.01,22.18
587,0.43,-0.07,0.89,0.10,-0.10,0.09,-1.06
588,5721,1003.01,22.18
589,0.43,-0.07,0.89,0.10,-0.10,0.08,-1.07
590,5742,1003.01,22.16
591,0.42,-0.07,0.90,0.10,-0.10,0.08,-1.06
592,5763,1002.96,22.16
593,0.42,-0.07,0.90,0.10,-0.10,0.09,-1.07
594,5783,1002.96,22.16
595,0.42,-0.07,0.90,0.10,-0.10,0.08,-1.05
596,5805,1002.96,22.16
597,0.41,-0.07,0.90,0.10,-0.11,0.08,-1.07
598,5825,1002.96,22.18
599,0.41,-0.07,0.90,0.10,-0.11,0.09,-1.08
600,5847,1003.00,22.18
601,0.41,-0.07,0.90,0.10,-0.10,0.08,-1.05
602,5867,1003.00,22.18
603,0.40,-0.07,0.91,0.10,-0.10,0.09,-1.07
604,5888,1003.00,22.19
605,0.40,-0.07,0.91,0.10,-0.10,0.08,-1.07
606,5909,1003.00,22.19
607,0.40,-0.07,0.91,0.10,-0.10,0.08,-1.06
608,5929,1003.03,22.19
609,0.39,-0.07,0.91,0.10,-0.11,0.09,-1.08
610,5950,1003.03,22.19
611,0.39,-0.07,0.91,0.10,-0.10,0.09,-1.07
612,5971,1003.03,22.18
613,0.39,-0.07,0.91,0.10,-0.10,0.08,-1.05
614,5992,1003.03,22.18
615,0.38,-0.07,0.91,0.10,-0.10,0.09,-1.07
616,6012,1003.00,22.18
617,0.38,-0.07,0.92,0.10,-0.11,0.08,-1.07
618,6034,1003.00,22.18
619,0.38,-0.07,0.92,0.10,-0.10,0.08,-1.06
620,6054,1003.00,22.20
621,0.37,-0.07,0.92,0.10,-0.10,0.09,-1.06
622,6076,1003.00,22.20
623,0.37,-0.07,0.92,0.10,-0.10,0.08,-1.06
624,6096,1003.05,22.20
625,0.36,-0.07,0.92,0.10,-0.10,0.09,-1.07
626,6117,1003.05,22.20
627,0.36,-0.07,0.92,0.10,-0.10,0.09,-1.07
628,6138,1003.05,22.19
629,0.36,-0.07,0.92,0.10,-0.11,0.08,-1.06
630,6159,1003.05,22.19
631,0.35,-0.07,0.93,0.10,-0.10,0.09,-1.08
632,6179,1003.04,22.19
633,0.35,-0.07,0.93,0.10,-0.10,0.09,-1.07
634,6201,1003.04,22.19
635,0.35,-0.07,0.93,0.10,-0.10,0.08,-1.06
636,6221,1003.04,22.19
637,0.34,-0.07,0.93,0.10,-0.10,0.09,-1.07
638,6243,1003.05,22.19
639,0.34,-0.07,0.93,0.10,-0.10,0.09,-1.06
640,6263,1003.05,22.19
641,0.34,-0.07,0.93,0.10,-0.11,0.09,-1.06
642,6284,1003.05,22.19
643,0.33,-0.07,0.93,0.10,-0.11,0.08,-1.07
644,6305,1003.05,22.21
645,0.33,-0.08,0.93,0.10,-0.10,0.09,-1.08
646,6326,1003.05,22.21
647,0.33,-0.08,0.94,0.10,-0.10,0.10,-1.05
648,6346,1003.05,22.21
649,0.32,-0.08,0.94,0.10,-0.10,0.08,-1.04
650,6368,1003.05,22.21
651,0.32,-0.08,0.94,0.10,-0.10,0.09,-1.08
652,6388,1003.05,22.19
653,0.32,-0.08,0.94,0.10,-0.10,0.09,-1.08
654,6410,1002.97,22.19
655,0.31,-0.08,0.94,0.10,-0.10,0.09,-1.04
656,6430,1002.97,22.19
657,0.31,-0.08,0.94,0.10,-0.10,0.10,-1.05
658,6451,1002.97,22.20
659,0.31,-0.08,0.94,0.10,-0.11,0.09,-1.07
660,6472,1002.97,22.20
661,0.31,-0.08,0.94,0.10,-0.10,0.09,-1.06
662,6493,1002.97,22.20
663,0.30,-0.08,0.94,0.10,-0.11,0.08,-1.05
664,6514,1002.97,22.20
665,0.30,-0.08,0.94,0.10,-0.12,0.07,-1.07
666,6535,1002.97,22.23
667,0.30,-0.08,0.95,0.10,-0.10,0.09,-1.08
668,6555,1002.97,22.23
669,0.29,-0.08,0.95,0.10,-0.09,0.11,-1.05
670,6577,1003.11,22.23
671,0.29,-0.08,0.95,0.10,-0.09,0.11,-1.04
672,6597,1003.11,22.23
673,0.29,-0.08,0.95,0.10,-0.11,0.09,-1.07
674,6618,1003.11,22.21
675,0.28,-0.08,0.95,0.10,-0.11,0.08,-1.08
676,6639,1003.11,22.21
677,0.28,-0.08,0.95,0.10,-0.11,0.08,-1.07
678,6660,1003.03,22.21
679,0.28,-0.08,0.95,0.10,-0.11,0.09,-1.06
680,6681,1003.03,22.21
681,0.27,-0.08,0.95,0.10,-0.10,0.10,-1.06
682,6702,1003.03,22.17
683,0.27,-0.08,0.95,0.10,-0.09,0.11,-1.06
684,6722,1003.03,22.17
685,0.27,-0.08,0.95,0.10,-0.10,0.10,-1.05
686,6744,1002.88,22.17
687,0.26,-0.08,0.95,0.10,-0.12,0.08,-1.08
688,6764,1002.88,22.17
689,0.26,-0.08,0.96,0.10,-0.11,0.08,-1.08
690,6785,1002.88,22.23
691,0.26,-0.08,0.96,0.10,-0.11,0.10,-1.06
692,6806,1003.05,22.23
693,0.26,-0.08,0.96,0.10,-0.10,0.11,-1.06
694,6827,1003.05,22.23
695,0.25,-0.08,0.96,0.10,-0.11,0.11,-1.06
696,6848,1003.05,22.23
697,0.25,-0.08,0.96,0.10,-0.11,0.09,-1.07
698,6868,1003.05,22.19
699,0.25,-0.08,0.96,0.10,-0.11,0.10,-1.07
700,6889,1002.95,22.19
701,0.24,-0.08,0.96,0.10,-0.11,0.09,-1.05
702,6910,1002.95,22.19
703,0.24,-0.09,0.96,0.10,-0.10,0.10,-1.06
704,6931,1002.95,22.22
705,0.24,-0.09,0.96,0.10,-0.10,0.10,-1.08
706,6951,1002.95,22.22
707,0.24,-0.09,0.96,0.09,-0.11,0.10,-1.06
708,6973,1003.03,22.22
709,0.23,-0.09,0.96,0.09,-0.10,0.10,-1.05
710,6993,1003.03,22.22
711,0.23,-0.09,0.96,0.09,-0.11,0.09,-1.07
712,7014,1003.03,22.24
713,0.23,-0.09,0.96,0.09,-0.11,0.10,-1.06
714,7035,1003.03,22.24
715,0.22,-0.09,0.96,0.09,-0.11,0.10,-1.06
716,7056,1003.08,22.24
717,0.22,-0.09,0.96,0.09,-0.11,0.09,-1.08
718,7077,1003.08,22.24
719,0.22,-0.09,0.97,0.09,-0.11,0.09,-1.06
720,7098,1003.08,22.23
721,0.22,-0.09,0.97,0.09,-0.10,0.11,-1.06
722,7118,1003.08,22.23
723,0.21,-0.09,0.97,0.09,-0.11,0.10,-1.07
724,7140,1003.08,22.23
725,0.21,-0.09,0.97,0.09,-0.11,0.10,-1.06
726,7160,1003.08,22.23
727,0.21,-0.09,0.97,0.09,-0.11,0.11,-1.07
728,7181,1003.08,22.24
729,0.21,-0.09,0.97,0.09,-0.11,0.10,-1.07
730,7202,1003.08,22.24
731,0.20,-0.09,0.97,0.09,-0.11,0.09,-1.05
732,7223,1003.06,22.24
733,0.20,-0.09,0.97,0.09,-0.11,0.11,-1.07
734,7243,1003.06,22.24
735,0.20,-0.09,0.97,0.09,-0.11,0.10,-1.07
736,7265,1003.06,22.25
737,0.20,-0.09,0.97,0.09,-0.11,0.10,-1.07
738,7285,1003.07,22.25
739,0.19,-0.09,0.97,0.09,-0.10,0.10,-1.06
740,7307,1003.07,22.25
741,0.19,-0.09,0.97,0.09,-0.11,0.11,-1.05
742,7327,1003.07,22.25
743,0.19,-0.09,0.97,0.09,-0.12,0.09,-1.06
744,7348,1003.07,22.24
745,0.19,-0.09,0.97,0.09,-0.11,0.10,-1.07
746,7369,1003.01,22.24
747,0.19,-0.09,0.97,0.09,-0.10,0.10,-1.06
748,7390,1003.01,22.24
749,0.18,-0.09,0.97,0.09,-0.10,0.10,-1.05
750,7410,1003.01,22.24
751,0.18,-0.09,0.97,0.09,-0.11,0.10,-1.06
752,7432,1003.01,22.23
753,0.18,-0.09,0.97,0.09,-0.11,0.10,-1.07
754,7452,1003.05,22.23
755,0.18,-0.09,0.97,0.09,-0.11,0.09,-1.08
756,7473,1003.05,22.23
757,0.17,-0.09,0.97,0.09,-0.11,0.10,-1.07
758,7494,1003.05,22.22
759,0.17,-0.09,0.97,0.09,-0.10,0.10,-1.05
760,7515,1003.05,22.22
761,0.17,-0.09,0.97,0.09,-0.10,0.10,-1.07
762,7536,1003.01,22.22
763,0.17,-0.09,0.98,0.09,-0.11,0.10,-1.06
764,7557,1003.01,22.22
765,0.17,-0.10,0.98,0.09,-0.11,0.10,-1.06
766,7577,1003.01,22.24
767,0.16,-0.10,0.98,0.09,-0.11,0.10,-1.07
768,7599,1003.01,22.24
769,0.16,-0.10,0.98,0.09,-0.10,0.10,-1.06
770,7619,1003.07,22.24
771,0.16,-0.10,0.98,0.09,-0.10,0.10,-1.05
772,7640,1003.07,22.24
773,0.16,-0.10,0.98,0.09,-0.10,0.10,-1.07
774,7661,1003.07,22.21
775,0.16,-0.10,0.98,0.09,-0.11,0.10,-1.06
776,7682,1003.07,22.21
777,0.15,-0.10,0.98,0.09,-0.11,0.09,-1.05
778,7703,1002.93,22.21
779,0.15,-0.10,0.98,0.09,-0.10,0.10,-1.08
780,7724,1002.93,22.21
781,0.15,-0.10,0.98,0.09,-0.11,0.10,-1.06
782,7744,1002.93,22.22
783,0.15,-0.10,0.98,0.09,-0.12,0.10,-1.06
784,7766,1002.93,22.22
785,0.15,-0.10,0.98,0.09,-0.11,0.10,-1.07
786,7786,1003.00,22.22
787,0.15,-0.10,0.98,0.09,-0.10,0.11,-1.06
788,7808,1003.00,22.22
789,0.14,-0.10,0.98,0.09,-0.11,0.10,-1.05
790,7828,1003.00,22.21
791,0.14,-0.10,0.98,0.09,-0.11,0.10,-1.06
792,7848,1002.92,22.21
793,0.14,-0.10,0.98,0.09,-0.11,0.10,-1.08
794,7870,1002.92,22.21
795,0.14,-0.10,0.98,0.09,-0.11,0.10,-1.06
796,7890,1002.92,22.21
797,0.14,-0.10,0.98,0.09,-0.11,0.10,-1.05
798,7912,1002.92,22.23
799,0.14,-0.10,0.98,0.09,-0.11,0.10,-1.07
800,7932,1002.95,22.23
801,0.13,-0.10,0.98,0.09,-0.11,0.10,-1.06
802,7953,1002.95,22.23
803,0.13,-0.10,0.98,0.09,-0.10,0.10,-1.06
804,7974,1002.95,22.23
805,0.13,-0.10,0.98,0.09,-0.10,0.11,-1.06
806,7995,1002.95,22.23
807,0.13,-0.10,0.98,0.09,-0.11,0.09,-1.06
808,8015,1002.99,22.23
809,0.13,-0.10,0.98,0.09,-0.11,0.10,-1.07
810,8037,1002.99,22.23
811,0.13,-0.10,0.98,0.09,-0.11,0.10,-1.06
812,8057,1002.99,22.27
813,0.13,-0.10,0.98,0.09,-0.11,0.11,-1.06
814,8079,1002.99,22.27
815,0.12,-0.10,0.98,0.09,-0.11,0.10,-1.06
816,8099,1003.06,22.27
817,0.12,-0.10,0.98,0.09,-0.11,0.10,-1.07
818,8120,1003.06,22.27
819,0.12,-0.11,0.98,0.09,-0.11,0.10,-1.06
820,8141,1003.06,22.25
821,0.12,-0.11,0.98,0.09,-0.11,0.10,-1.06
822,8162,1003.06,22.25
823,0.12,-0.11,0.98,0.09,-0.10,0.10,-1.06
824,8182,1003.03,22.25
825,0.12,-0.11,0.98,0.09,-0.11,0.10,-1.07
826,8204,1003.03,22.25
827,0.12,-0.11,0.98,0.09,-0.11,0.10,-1.07
828,8224,1003.03,22.26
829,0.11,-0.11,0.98,0.09,-0.11,0.10,-1.07
830,8246,1003.03,22.26
831,0.11,-0.11,0.98,0.09,-0.10,0.11,-1.06
832,8266,1003.06,22.26
833,0.11,-0.11,0.98,0.09,-0.10,0.10,-1.05
834,8287,1003.06,22.26
835,0.11,-0.11,0.98,0.09,-0.10,0.11,-1.06
836,8308,1003.06,22.25
837,0.11,-0.11,0.98,0.09,-0.11,0.10,-1.07
838,8329,1003.06,22.25
839,0.11,-0.11,0.98,0.09,-0.11,0.10,-1.07
840,8349,1003.07,22.25
841,0.11,-0.11,0.98,0.09,-0.11,0.10,-1.06
842,8371,1003.07,22.25
843,0.11,-0.11,0.98,0.09,-0.10,0.10,-1.05
844,8391,1003.07,22.27
845,0.11,-0.11,0.98,0.09,-0.10,0.10,-1.06
846,8412,1003.07,22.27
847,0.10,-0.11,0.98,0.09,-0.11,0.10,-1.07
848,8433,1003.07,22.27
849,0.10,-0.11,0.98,0.09,-0.11,0.09,-1.07
850,8454,1003.07,22.27
851,0.10,-0.11,0.98,0.09,-0.10,0.10,-1.06
852,8475,1003.07,22.25
853,0.10,-0.11,0.98,0.09,-0.10,0.10,-1.05
854,8496,1003.01,22.25
855,0.10,-0.11,0.98,0.09,-0.11,0.11,-1.06
856,8516,1003.01,22.25
857,0.10,-0.11,0.98,0.09,-0.11,0.10,-1.07
858,8538,1003.01,22.24
859,0.10,-0.11,0.98,0.09,-0.11,0.11,-1.07
860,8558,1003.01,22.24
861,0.10,-0.11,0.98,0.09,-0.11,0.10,-1.06
862,8579,1002.98,22.24
863,0.10,-0.11,0.98,0.09,-0.11,0.10,-1.06
864,8600,1002.98,22.24
865,0.10,-0.11,0.98,0.09,-0.11,0.10,-1.06
866,8621,1002.98,22.25
867,0.10,-0.11,0.98,0.09,-0.10,0.10,-1.06
868,8641,1002.98,22.25
869,0.09,-0.11,0.98,0.09,-0.11,0.11,-1.07
870,8663,1002.98,22.25
871,0.09,-0.12,0.98,0.09,-0.11,0.10,-1.06
872,8683,1002.98,22.25
873,0.09,-0.12,0.98,0.09,-0.11,0.10,-1.06
874,8705,1002.98,22.26
875,0.09,-0.12,0.98,0.09,-0.10,0.11,-1.06
876,8725,1002.98,22.26
877,0.09,-0.12,0.98,0.09,-0.11,0.10,-1.06
878,8745,1003.05,22.26
879,0.09,-0.12,0.98,0.09,-0.11,0.10,-1.06
880,8767,1003.05,22.26
881,0.09,-0.12,0.98,0.09,-0.11,0.10,-1.06
882,8787,1003.05,22.27
883,0.09,-0.12,0.98,0.09,-0.11,0.10,-1.06
884,8808,1003.05,22.27
885,0.09,-0.12,0.98,0.09,-0.11,0.11,-1.07
886,8829,1003.03,22.27
887,0.09,-0.12,0.98,0.09,-0.10,0.10,-1.05
888,8850,1003.03,22.27
889,0.09,-0.12,0.98,0.09,-0.11,0.11,-1.06
890,8871,1003.03,22.26
891,0.09,-0.12,0.98,0.09,-0.12,0.10,-1.06
892,8892,1003.05,22.26
893,0.09,-0.12,0.98,0.09,-0.11,0.10,-1.07
894,8912,1003.05,22.26
895,0.08,-0.12,0.98,0.09,-0.10,0.10,-1.06
896,8934,1003.05,22.26
897,0.08,-0.12,0.98,0.09,-0.10,0.11,-1.05
898,8954,1003.05,22.30
899,0.08,-0.12,0.98,0.09,-0.11,0.10,-1.06
900,8975,1003.13,22.30
901,0.08,-0.12,0.98,0.09,-0.11,0.09,-1.08
902,8996,1003.13,22.30
903,0.08,-0.12,0.98,0.09,-0.11,0.10,-1.07
904,9017,1003.13,22.30
905,0.08,-0.12,0.98,0.09,-0.10,0.12,-1.05
906,9038,1003.13,22.26
907,0.08,-0.12,0.98,0.09,-0.11,0.11,-1.05
908,9059,1003.03,22.26
909,0.08,-0.12,0.98,0.09,-0.10,0.10,-1.07
910,9079,1003.03,22.26
911,0.08,-0.12,0.98,0.09,-0.10,0.10,-1.06
912,9101,1003.03,22.30
913,0.08,-0.12,0.98,0.09,-0.11,0.11,-1.06
914,9121,1003.03,22.30
915,0.08,-0.12,0.98,0.09,-0.11,0.10,-1.06
916,9143,1003.10,22.30
917,0.08,-0.12,0.98,0.09,-0.10,0.10,-1.07
918,9163,1003.10,22.30
919,0.08,-0.12,0.98,0.09,-0.11,0.10,-1.07
920,9184,1003.10,22.27
921,0.08,-0.12,0.98,0.09,-0.10,0.11,-1.06
922,9205,1003.10,22.27
923,0.08,-0.13,0.98,0.09,-0.11,0.11,-1.05
924,9226,1003.08,22.27
925,0.08,-0.13,0.98,0.09,-0.11,0.10,-1.06
926,9246,1003.08,22.27
927,0.08,-0.13,0.98,0.09,-0.11,0.10,-1.07
928,9268,1003.08,22.26
929,0.08,-0.13,0.98,0.09,-0.11,0.10,-1.06
930,9288,1003.08,22.26
931,0.07,-0.13,0.98,0.09,-0.10,0.11,-1.06
932,9310,1003.02,22.26
933,0.07,-0.13,0.98,0.09,-0.10,0.11,-1.05
934,9330,1003.02,22.26
935,0.07,-0.13,0.98,0.09,-0.11,0.11,-1.06
936,9352,1003.02,22.30
937,0.07,-0.13,0.98,0.09,-0.12,0.09,-1.08
938,9372,1003.02,22.30
939,0.07,-0.13,0.98,0.09,-0.11,0.10,-1.08
940,9394,1003.05,22.30
941,0.07,-0.13,0.98,0.09,-0.11,0.10,-1.05
942,9414,1003.05,22.30
943,0.07,-0.13,0.98,0.09,-0.10,0.11,-1.05
944,9435,1003.05,22.27
945,0.07,-0.13,0.98,0.09,-0.09,0.12,-1.06
946,9456,1002.99,22.27
947,0.07,-0.13,0.98,0.09,-0.10,0.11,-1.07
948,9477,1002.99,22.27
949,0.07,-0.13,0.98,0.09,-0.12,0.11,-1.07
950,9498,1002.99,22.27
951,0.07,-0.13,0.98,0.09,-0.12,0.10,-1.07
952,9519,1002.99,22.26
953,0.07,-0.13,0.98,0.09,-0.09,0.12,-1.04
954,9540,1003.01,22.26
955,0.07,-0.13,0.98,0.09,-0.10,0.11,-1.05
956,9561,1003.01,22.26
957,0.07,-0.13,0.98,0.09,-0.11,0.09,-1.07
958,9581,1003.01,22.30
959,0.07,-0.13,0.98,0.09,-0.12,0.10,-1.07
960,9603,1003.01,22.30
961,0.07,-0.13,0.98,0.09,-0.12,0.10,-1.08
962,9623,1003.07,22.30
963,0.07,-0.13,0.98,0.09,-0.09,0.13,-1.07
964,9645,1003.07,22.30
965,0.07,-0.13,0.98,0.09,-0.10,0.12,-1.04
966,9665,1003.07,22.30
967,0.07,-0.13,0.98,0.09,-0.11,0.13,-1.05
968,9687,1003.07,22.30
969,0.07,-0.13,0.98,0.09,-0.12,0.10,-1.07
970,9707,1003.08,22.30
971,0.07,-0.13,0.98,0.09,-0.11,0.11,-1.07
972,9728,1003.08,22.30
973,0.07,-0.13,0.98,0.09,-0.11,0.10,-1.06
974,9749,1003.08,22.26
975,0.07,-0.13,0.98,0.09,-0.11,0.11,-1.06
976,9769,1003.08,22.26
977,0.07,-0.13,0.98,0.09,-0.10,0.13,-1.06
978,9791,1003.03,22.26
979,0.07,-0.14,0.98,0.09,-0.10,0.12,-1.05
980,9811,1003.03,22.26
981,0.07,-0.14,0.98,0.09,-0.11,0.12,-1.06
982,9833,1003.03,22.29
983,0.07,-0.14,0.98,0.09,-0.11,0.09,-1.06
984,9853,1003.03,22.29
985,0.07,-0.14,0.98,0.09,-0.12,0.07,-1.07
986,9874,1003.03,22.29
987,0.07,-0.14,0.98,0.09,-0.13,0.09,-1.09
988,9895,1003.03,22.29
989,0.07,-0.14,0.98,0.09,-0.11,0.13,-1.08
990,9916,1003.03,22.31
991,0.07,-0.14,0.98,0.09,-0.09,0.16,-1.03
992,9937,1003.10,22.31
993,0.07,-0.14,0.98,0.09,-0.12,0.14,-1.02
994,9958,1003.10,22.31
995,0.07,-0.14,0.98,0.09,-0.13,0.11,-1.07
996,9979,1003.10,22.31
997,0.07,-0.14,0.98,0.09,-0.13,0.09,-1.10
998,10000,1003.10,22.27
999,0.07,-0.14,0.98,0.09,-0.12,0.10,-1.07
1000,10021,1003.00,22.27
1001,0.07,-0.14,0.98,0.09,-0.10,0.12,-1.05
1002,10042,1003.00,22.27
1003,0.07,-0.14,0.98,0.09,-0.11,0.13,-1.04
1004,10063,1003.00,22.28
1005,0.07,-0.14,0.98,0.09,-0.09,0.11,-1.06
1006,10084,1003.00,22.28
1007,0.06,-0.14,0.98,0.09,-0.08,0.10,-1.07
1008,10105,1003.03,22.28
1009,0.06,-0.14,0.98,0.09,-0.09,0.12,-1.04
1010,10126,1003.03,22.28
1011,0.06,-0.14,0.98,0.09,-0.14,0.11,-1.08
1012,10147,1003.03,22.29
1013,0.06,-0.14,0.98,0.09,-0.13,0.11,-1.07
1014,10168,1003.03,22.29
1015,0.06,-0.14,0.98,0.09,-0.12,0.09,-1.06
1016,10189,1003.02,22.29
1017,0.06,-0.14,0.98,0.09,-0.11,0.11,-1.07
1018,10211,1003.02,22.29
1019,0.06,-0.14,0.98,0.09,-0.11,0.11,-1.05
1020,10231,1003.02,22.30
1021,0.06,-0.14,0.98,0.09,-0.12,0.12,-1.06
1022,10253,1003.02,22.30
1023,0.06,-0.14,0.98,0.09,-0.11,0.12,-1.06
1024,10273,1003.11,22.30
1025,0.06,-0.14,0.98,0.09,-0.12,0.12,-1.06
1026,10295,1003.11,22.30
1027,0.06,-0.15,0.98,0.09,-0.12,0.12,-1.06
1028,10315,1003.11,22.26
1029,0.06,-0.15,0.98,0.09,-0.12,0.11,-1.07
1030,10337,1002.98,22.26
1031,0.06,-0.15,0.98,0.09,-0.12,0.12,-1.06
1032,10358,1002.98,22.26
1033,0.06,-0.15,0.98,0.09,-0.12,0.11,-1.06
1034,10379,1002.98,22.26
1035,0.06,-0.15,0.98,0.09,-0.11,0.11,-1.07
1036,10400,1002.98,22.30
1037,0.06,-0.15,0.98,0.09,-0.12,0.11,-1.06
1038,10421,1003.06,22.30
1039,0.06,-0.15,0.98,0.09,-0.12,0.13,-1.06
1040,10442,1003.06,22.30
1041,0.06,-0.15,0.98,0.09,-0.12,0.13,-1.05
1042,10463,1003.06,22.30
1043,0.06,-0.15,0.98,0.09,-0.12,0.12,-1.06
1044,10484,1003.06,22.29
1045,0.06,-0.15,0.98,0.09,-0.11,0.12,-1.06
1046,10505,1002.99,22.29
1047,0.06,-0.15,0.98,0.09,-0.11,0.11,-1.06
1048,10526,1002.99,22.29
1049,0.06,-0.15,0.98,0.09,-0.12,0.12,-1.07
1050,10548,1002.99,22.25
1051,0.06,-0.15,0.98,0.09,-0.12,0.11,-1.06
1052,10568,1002.99,22.25
1053,0.06,-0.15,0.98,0.09,-0.12,0.12,-1.06
1054,10590,1002.94,22.25
1055,0.06,-0.15,0.98,0.09,-0.11,0.12,-1.06
1056,10610,1002.94,22.25
1057,0.06,-0.15,0.98,0.09,-0.11,0.12,-1.06
1058,10632,1002.94,22.29
1059,0.06,-0.15,0.98,0.09,-0.12,0.12,-1.06
1060,10652,1002.94,22.29
1061,0.06,-0.15,0.98,0.09,-0.11,0.12,-1.05
1062,10674,1002.98,22.29
1063,0.06,-0.15,0.98,0.09,-0.11,0.11,-1.05
1064,10694,1002.98,22.29
1065,0.06,-0.15,0.98,0.09,-0.12,0.10,-1.07
1066,10716,1002.98,22.32
1067,0.06,-0.15,0.98,0.09,-0.12,0.11,-1.07
1068,10736,1002.98,22.32
1069,0.06,-0.15,0.98,0.09,-0.12,0.13,-1.06
1070,10758,1003.08,22.32
1071,0.06,-0.15,0.98,0.09,-0.11,0.13,-1.05
1072,10779,1003.08,22.32
1073,0.06,-0.15,0.98,0.09,-0.11,0.13,-1.05
1074,10800,1003.08,22.27
1075,0.06,-0.15,0.98,0.09,-0.12,0.12,-1.07
1076,10821,1002.91,22.27
1077,0.06,-0.15,0.98,0.09,-0.11,0.12,-1.06
1078,10842,1002.91,22.27
1079,0.06,-0.15,0.98,0.09,-0.11,0.11,-1.06
1080,10863,1002.91,22.27
1081,0.06,-0.15,0.98,0.09,-0.12,0.11,-1.06
1082,10884,1002.91,22.30
1083,0.06,-0.15,0.98,0.09,-0.11,0.12,-1.06
1084,10905,1003.02,22.30
1085,0.06,-0.15,0.98,0.09,-0.12,0.12,-1.05
1086,10927,1003.02,22.30
1087,0.06,-0.15,0.98,0.09,-0.12,0.11,-1.07
1088,10947,1003.02,22.34
1089,0.06,-0.15,0.98,0.09,-0.12,0.12,-1.07
1090,10969,1003.02,22.34
1091,0.06,-0.15,0.98,0.09,-0.11,0.13,-1.05
1092,10989,1003.12,22.34
1093,0.06,-0.15,0.98,0.09,-0.11,0.14,-1.05
1094,11011,1003.12,22.34
1095,0.06,-0.15,0.98,0.09,-0.12,0.12,-1.06
1096,11031,1003.12,22.32
1097,0.06,-0.15,0.98,0.09,-0.12,0.11,-1.07
1098,11053,1003.12,22.32
1099,0.06,-0.15,0.98,0.09,-0.12,0.11,-1.07
1100,11073,1003.08,22.32
1101,0.06,-0.15,0.98,0.09,-0.11,0.12,-1.06
1102,11095,1003.08,22.32
1103,0.06,-0.15,0.98,0.09,-0.12,0.12,-1.06
1104,11116,1003.08,22.31
1105,0.06,-0.15,0.98,0.09,-0.12,0.12,-1.06
1106,11137,1003.08,22.31
1107,0.06,-0.15,0.98,0.09,-0.11,0.12,-1.05
1108,11158,1003.02,22.31
1109,0.06,-0.15,0.98,0.09,-0.12,0.12,-1.06
1110,11179,1003.02,22.31
1111,0.06,-0.15,0.98,0.09,-0.12,0.12,-1.06
1112,11200,1003.02,22.31
1113,0.06,-0.15,0.98,0.09,-0.11,0.12,-1.05
1114,11220,1003.00,22.31
1115,0.06,-0.16,0.98,0.09,-0.11,0.12,-1.06
1116,11242,1003.00,22.31
1117,0.06,-0.16,0.98,0.09,-0.12,0.11,-1.06
1118,11262,1003.00,22.31
1119,0.06,-0.16,0.98,0.09,-0.12,0.13,-1.06
1120,11284,1003.00,22.30
1121,0.06,-0.16,0.98,0.09,-0.12,0.12,-1.06
1122,11304,1002.96,22.30
1123,0.06,-0.16,0.98,0.09,-0.12,0.13,-1.06
1124,11326,1002.96,22.30
1125,0.06,-0.16,0.98,0.09,-0.12,0.11,-1.05
1126,11347,1002.96,22.32
1127,0.06,-0.16,0.98,0.09,-0.11,0.12,-1.07
1128,11368,1002.96,22.32
1129,0.06,-0.16,0.98,0.09,-0.12,0.11,-1.06
1130,11389,1003.02,22.32
1131,0.05,-0.16,0.98,0.09,-0.11,0.13,-1.06
1132,11410,1003.02,22.32
1133,0.05,-0.16,0.98,0.09,-0.12,0.11,-1.06
1134,11431,1003.02,22.30
1135,0.05,-0.16,0.98,0.09,-0.12,0.13,-1.06
1136,11452,1003.02,22.30
1137,0.05,-0.16,0.98,0.09,-0.12,0.12,-1.06
1138,11473,1003.01,22.30
1139,0.05,-0.16,0.98,0.09,-0.12,0.12,-1.06
1140,11494,1003.01,22.30
1141,0.05,-0.16,0.98,0.09,-0.12,0.11,-1.07
1142,11515,1003.01,22.36
1143,0.05,-0.16,0.98,0.09,-0.12,0.11,-1.06
1144,11537,1003.01,22.36
1145,0.05,-0.16,0.98,0.09,-0.11,0.12,-1.06
1146,11557,1003.06,22.36
1147,0.05,-0.16,0.98,0.09,-0.12,0.13,-1.06
1148,11579,1003.06,22.36
1149,0.05,-0.16,0.98,0.09,-0.12,0.12,-1.05
1150,11599,1003.06,22.33
1151,0.05,-0.16,0.98,0.09,-0.12,0.12,-1.07
1152,11621,1003.06,22.33
1153,0.05,-0.16,0.98,0.09,-0.12,0.12,-1.06
1154,11641,1003.04,22.33
1155,0.05,-0.16,0.98,0.09,-0.12,0.11,-1.05
1156,11663,1003.04,22.33
1157,0.05,-0.16,0.98,0.09,-0.11,0.13,-1.06
1158,11683,1003.04,22.33
1159,0.05,-0.16,0.98,0.09,-0.11,0.13,-1.06
1160,11705,1003.03,22.33
1161,0.05,-0.16,0.98,0.09,-0.12,0.12,-1.07
1162,11725,1003.03,22.33
1163,0.05,-0.16,0.98,0.09,-0.12,0.11,-1.06
1164,11747,1003.03,22.33
1165,0.05,-0.16,0.98,0.09,-0.11,0.12,-1.05
1166,11768,1003.03,22.33
1167,0.05,-0.16,0.98,0.09,-0.11,0.13,-1.05
1168,11789,1002.98,22.33
1169,0.05,-0.16,0.98,0.09,-0.12,0.12,-1.07
1170,11810,1002.98,22.33
1171,0.05,-0.16,0.98,0.09,-0.12,0.12,-1.07
1172,11831,1002.98,22.34
1173,0.05,-0.16,0.98,0.09,-0.12,0.12,-1.06
1174,11852,1002.98,22.34
1175,0.05,-0.16,0.98,0.09,-0.11,0.12,-1.05
1176,11873,1003.03,22.34
1177,0.05,-0.16,0.98,0.09,-0.11,0.12,-1.06
1178,11894,1003.03,22.34
1179,0.05,-0.16,0.98,0.09,-0.11,0.12,-1.07
1180,11916,1003.03,22.34
1181,0.05,-0.16,0.98,0.09,-0.12,0.12,-1.06
1182,11936,1003.03,22.34
1183,0.05,-0.16,0.98,0.09,-0.11,0.13,-1.06
1184,11958,1003.01,22.34
1185,0.05,-0.16,0.98,0.09,-0.12,0.12,-1.06
1186,11978,1003.01,22.34
1187,0.05,-0.16,0.98,0.09,-0.11,0.12,-1.06
1188,12000,1003.01,22.31
1189,0.05,-0.16,0.98,0.09,-0.12,0.13,-1.06
1190,12020,1003.01,22.31
1191,0.05,-0.16,0.98,0.09,-0.12,0.13,-1.06
1192,12042,1002.97,22.31
1193,0.05,-0.16,0.98,0.09,-0.11,0.12,-1.06
1194,12062,1002.97,22.31
1195,0.05,-0.16,0.98,0.09,-0.12,0.12,-1.06
1196,12084,1002.97,22.35
1197,0.05,-0.16,0.98,0.09,-0.12,0.12,-1.06
1198,12105,1002.98,22.35
1199,0.05,-0.16,0.98,0.09,-0.11,0.13,-1.06
1200,12126,1002.98,22.35
1201,0.05,-0.16,0.98,0.09,-0.11,0.12,-1.06
1202,12147,1002.98,22.35
1203,0.05,-0.16,0.98,0.09,-0.11,0.12,-1.05
1204,12168,1002.98,22.33
1205,0.05,-0.16,0.98,0.09,-0.11,0.12,-1.06
1206,12189,1002.97,22.33
1207,0.05,-0.16,0.98,0.09,-0.12,0.12,-1.07
1208,12210,1002.97,22.33
1209,0.05,-0.16,0.98,0.09,-0.12,0.12,-1.05
1210,12231,1002.97,22.33
1211,0.05,-0.16,0.98,0.09,-0.12,0.11,-1.07
1212,12252,1002.97,22.33
1213,0.05,-0.16,0.98,0.09,-0.12,0.12,-1.06
1214,12273,1003.00,22.33
1215,0.05,-0.16,0.98,0.09,-0.11,0.12,-1.06
1216,12295,1003.00,22.33
1217,0.05,-0.16,0.98,0.09,-0.11,0.13,-1.05
1218,12315,1003.00,22.36
1219,0.05,-0.16,0.98,0.09,-0.11,0.14,-1.06
1220,12337,1003.00,22.36
1221,0.05,-0.16,0.98,0.09,-0.12,0.13,-1.06
1222,12357,1003.05,22.36
1223,0.05,-0.16,0.98,0.09,-0.12,0.12,-1.06
1224,12379,1003.05,22.36
1225,0.05,-0.16,0.98,0.09,-0.12,0.12,-1.07
1226,12399,1003.05,22.39
1227,0.05,-0.16,0.98,0.09,-0.12,0.12,-1.06
1228,12421,1003.05,22.39
1229,0.05,-0.16,0.98,0.09,-0.11,0.13,-1.05
1230,12441,1003.10,22.39
1231,0.05,-0.16,0.98,0.09,-0.12,0.13,-1.05
1232,12463,1003.10,22.39
1233,0.05,-0.16,0.98,0.09,-0.11,0.13,-1.07
1234,12483,1003.10,22.33
1235,0.05,-0.17,0.98,0.09,-0.11,0.12,-1.06
1236,12505,1002.98,22.33
1237,0.05,-0.17,0.98,0.09,-0.11,0.12,-1.05
1238,12526,1002.98,22.33
1239,0.05,-0.17,0.98,0.09,-0.12,0.12,-1.06
1240,12547,1002.98,22.33
1241,0.05,-0.17,0.98,0.09,-0.12,0.12,-1.06
1242,12568,1002.98,22.36
1243,0.05,-0.17,0.98,0.09,-0.12,0.13,-1.06
1244,12589,1002.98,22.36
1245,0.05,-0.17,0.98,0.09,-0.12,0.13,-1.05
1246,12610,1002.98,22.36
1247,0.05,-0.17,0.98,0.09,-0.11,0.13,-1.06
1248,12631,1002.98,22.36
1249,0.05,-0.17,0.98,0.09,-0.11,0.13,-1.06
1250,12652,1002.98,22.36
1251,0.05,-0.17,0.98,0.09,-0.12,0.12,-1.06
1252,12673,1002.95,22.36
1253,0.05,-0.17,0.98,0.09,-0.12,0.12,-1.06
1254,12694,1002.95,22.36
1255,0.05,-0.17,0.98,0.09,-0.11,0.13,-1.06
1256,12716,1002.95,22.35
1257,0.05,-0.17,0.98,0.09,-0.12,0.12,-1.05
1258,12736,1002.95,22.35
1259,0.05,-0.17,0.98,0.09,-0.12,0.13,-1.06
1260,12758,1002.94,22.35
1261,0.05,-0.17,0.98,0.09,-0.12,0.12,-1.06
1262,12778,1002.94,22.35
1263,0.05,-0.17,0.98,0.09,-0.12,0.12,-1.06
1264,12800,1002.94,22.36
1265,0.05,-0.17,0.98,0.09,-0.12,0.13,-1.06
1266,12820,1002.94,22.36
1267,0.05,-0.17,0.98,0.09,-0.11,0.12,-1.06
1268,12841,1003.04,22.36
1269,0.05,-0.17,0.98,0.09,-0.12,0.13,-1.06
1270,12862,1003.04,22.36
1271,0.05,-0.17,0.98,0.09,-0.12,0.13,-1.06
1272,12883,1003.04,22.37
1273,0.05,-0.17,0.98,0.09,-0.12,0.12,-1.06
1274,12905,1003.04,22.37
1275,0.05,-0.17,0.98,0.09,-0.11,0.13,-1.07
1276,12925,1003.04,22.37
1277,0.05,-0.17,0.98,0.09,-0.12,0.13,-1.06
1278,12947,1003.04,22.37
1279,0.05,-0.17,0.98,0.09,-0.11,0.13,-1.06
1280,12967,1003.04,22.39
1281,0.05,-0.17,0.98,0.09,-0.12,0.12,-1.05
1282,12989,1003.10,22.39
1283,0.05,-0.17,0.98,0.09,-0.12,0.12,-1.06
1284,13009,1003.10,22.39
1285,0.05,-0.17,0.98,0.09,-0.12,0.12,-1.07
1286,13031,1003.10,22.39
1287,0.05,-0.17,0.98,0.09,-0.12,0.12,-1.06
1288,13052,1003.10,22.39
1289,0.05,-0.17,0.98,0.09,-0.12,0.13,-1.06
1290,13073,1003.01,22.39
1291,0.05,-0.17,0.98,0.09,-0.12,0.12,-1.05
1292,13094,1003.01,22.39
1293,0.05,-0.17,0.98,0.09,-0.12,0.12,-1.07
1294,13115,1003.01,22.38
1295,0.05,-0.17,0.98,0.09,-0.12,0.13,-1.07
1296,13136,1003.01,22.38
1297,0.05,-0.17,0.98,0.09,-0.11,0.13,-1.05
1298,13157,1003.00,22.38
1299,0.05,-0.17,0.98,0.09,-0.11,0.13,-1.05
1300,13178,1003.00,22.38
1301,0.05,-0.17,0.98,0.09,-0.12,0.12,-1.06
1302,13199,1003.00,22.39
1303,0.05,-0.17,0.98,0.09,-0.12,0.12,-1.07
1304,13220,1003.00,22.39
1305,0.05,-0.17,0.98,0.09,-0.13,0.11,-1.06
1306,13241,1003.03,22.39
1307,0.05,-0.17,0.98,0.09,-0.12,0.13,-1.05
1308,13262,1003.03,22.39
1309,0.05,-0.17,0.98,0.09,-0.11,0.13,-1.05
1310,13284,1003.03,22.39
1311,0.05,-0.17,0.98,0.09,-0.12,0.14,-1.06
1312,13304,1003.03,22.39
1313,0.05,-0.17,0.98,0.09,-0.12,0.12,-1.06
1314,13326,1002.98,22.39
1315,0.05,-0.17,0.98,0.09,-0.12,0.12,-1.06
1316,13346,1002.98,22.39
1317,0.05,-0.17,0.98,0.09,-0.12,0.13,-1.05
1318,13368,1002.98,22.40
1319,0.05,-0.17,0.98,0.09,-0.12,0.12,-1.06
1320,13388,1003.06,22.40
1321,0.05,-0.17,0.98,0.09,-0.12,0.12,-1.06
1322,13410,1003.06,22.40
1323,0.05,-0.17,0.98,0.09,-0.12,0.13,-1.06
1324,13430,1003.06,22.40
1325,0.05,-0.17,0.98,0.09,-0.11,0.12,-1.06
1326,13452,1003.06,22.38
1327,0.05,-0.17,0.98,0.09,-0.11,0.14,-1.07
1328,13473,1002.97,22.38
1329,0.05,-0.17,0.98,0.09,-0.11,0.13,-1.04
1330,13494,1002.97,22.38
1331,0.05,-0.17,0.98,0.09,-0.12,0.13,-1.06
1332,13515,1002.97,22.40
1333,0.05,-0.17,0.98,0.09,-0.12,0.12,-1.06
1334,13536,1002.97,22.40
1335,0.05,-0.17,0.98,0.09,-0.12,0.12,-1.06
1336,13557,1003.11,22.40
1337,0.05,-0.17,0.98,0.09,-0.12,0.12,-1.06
1338,13578,1003.11,22.40
1339,0.05,-0.17,0.98,0.09,-0.11,0.13,-1.06
1340,13599,1003.11,22.39
1341,0.05,-0.17,0.98,0.09,-0.12,0.13,-1.05
1342,13620,1003.11,22.39
1343,0.05,-0.17,0.98,0.09,-0.11,0.13,-1.06
1344,13641,1002.97,22.39
1345,0.05,-0.17,0.98,0.09,-0.12,0.13,-1.06
1346,13663,1002.97,22.39
1347,0.05,-0.17,0.98,0.09,-0.13,0.12,-1.06
1348,13683,1002.97,22.40
1349,0.05,-0.17,0.98,0.09,-0.12,0.13,-1.07
1350,13705,1002.97,22.40
1351,0.05,-0.17,0.98,0.09,-0.12,0.13,-1.06
1352,13725,1002.96,22.40
1353,0.05,-0.17,0.98,0.09,-0.11,0.12,-1.05
1354,13747,1002.96,22.40
1355,0.05,-0.17,0.98,0.09,-0.12,0.13,-1.06
1356,13767,1002.96,22.40
1357,0.05,-0.17,0.98,0.09,-0.12,0.12,-1.06
1358,13789,1002.96,22.40
1359,0.05,-0.17,0.98,0.09,-0.12,0.13,-1.06
1360,13810,1002.99,22.40
1361,0.05,-0.17,0.98,0.09,-0.12,0.14,-1.04
1362,13831,1002.99,22.40
1363,0.05,-0.17,0.98,0.09,-0.12,0.13,-1.06
1364,13852,1002.99,22.41
1365,0.05,-0.17,0.98,0.09,-0.12,0.12,-1.07
1366,13873,1003.01,22.41
1367,0.05,-0.17,0.98,0.09,-0.11,0.13,-1.06
1368,13894,1003.01,22.41
1369,0.05,-0.17,0.98,0.09,-0.11,0.13,-1.05
1370,13915,1003.01,22.41
1371,0.05,-0.17,0.98,0.09,-0.11,0.13,-1.06
1372,13936,1003.01,22.42
1373,0.05,-0.17,0.98,0.09,-0.11,0.13,-1.06
1374,13957,1002.99,22.42
1375,0.05,-0.17,0.98,0.09,-0.12,0.12,-1.06
1376,13978,1002.99,22.42
1377,0.05,-0.17,0.98,0.09,-0.12,0.13,-1.06
1378,14000,1002.99,22.39
1379,0.05,-0.17,0.98,0.09,-0.12,0.12,-1.06
1380,14020,1002.99,22.39
1381,0.05,-0.17,0.98,0.09,-0.11,0.12,-1.06
1382,14042,1002.95,22.39
1383,0.05,-0.17,0.98,0.09,-0.11,0.13,-1.06
1384,14062,1002.95,22.39
1385,0.05,-0.17,0.98,0.09,-0.11,0.13,-1.05
1386,14084,1002.95,22.41
1387,0.05,-0.17,0.98,0.09,-0.12,0.13,-1.06
1388,14104,1002.95,22.41
1389,0.05,-0.18,0.98,0.09,-0.12,0.13,-1.06
1390,14126,1003.03,22.41
1391,0.05,-0.18,0.98,0.09,-0.11,0.13,-1.05
1392,14147,1003.03,22.41
1393,0.05,-0.18,0.98,0.09,-0.12,0.12,-1.06
1394,14168,1003.03,22.40
1395,0.05,-0.18,0.98,0.09,-0.12,0.13,-1.07
1396,14189,1003.03,22.40
1397,0.05,-0.18,0.98,0.09,-0.11,0.13,-1.05
1398,14210,1002.96,22.40
1399,0.05,-0.18,0.98,0.09,-0.11,0.13,-1.05
1400,14231,1002.96,22.40
1401,0.05,-0.18,0.98,0.09,-0.12,0.12,-1.06
1402,14252,1002.96,22.41
1403,0.05,-0.18,0.98,0.09,-0.12,0.13,-1.07
1404,14273,1002.95,22.41
1405,0.05,-0.18,0.98,0.09,-0.12,0.12,-1.06
1406,14294,1002.95,22.41
1407,0.05,-0.18,0.98,0.09,-0.11,0.13,-1.06
1408,14315,1002.95,22.41
1409,0.05,-0.18,0.98,0.09,-0.11,0.13,-1.06
1410,14337,1002.95,22.42
1411,0.05,-0.18,0.98,0.09,-0.11,0.13,-1.06
1412,14357,1003.01,22.42
1413,0.05,-0.18,0.98,0.09,-0.12,0.13,-1.06
1414,14379,1003.01,22.42
1415,0.05,-0.18,0.98,0.09,-0.12,0.13,-1.06
1416,14399,1003.01,22.38
1417,0.05,-0.18,0.98,0.09,-0.11,0.13,-1.05
1418,14420,1003.01,22.38
1419,0.05,-0.18,0.98,0.09,-0.12,0.13,-1.06
1420,14441,1002.86,22.38
1421,0.05,-0.18,0.98,0.09,-0.12,0.12,-1.07
1422,14462,1002.86,22.38
1423,0.05,-0.18,0.98,0.09,-0.12,0.13,-1.06
1424,14483,1002.86,22.43
1425,0.05,-0.18,0.98,0.09,-0.11,0.13,-1.05
1426,14504,1002.86,22.43
1427,0.05,-0.18,0.98,0.09,-0.11,0.14,-1.06
1428,14526,1003.03,22.43
1429,0.05,-0.18,0.98,0.09,-0.12,0.12,-1.06
1430,14546,1003.03,22.43
1431,0.05,-0.18,0.98,0.09,-0.12,0.13,-1.06
1432,14568,1003.03,22.42
1433,0.05,-0.18,0.98,0.09,-0.12,0.13,-1.07
1434,14588,1003.03,22.42
1435,0.05,-0.18,0.98,0.09,-0.11,0.13,-1.05
1436,14610,1002.99,22.42
1437,0.05,-0.18,0.98,0.09,-0.11,0.13,-1.06
1438,14630,1002.99,22.42
1439,0.05,-0.18,0.98,0.09,-0.11,0.13,-1.06
1440,14652,1002.99,22.41
1441,0.05,-0.18,0.98,0.09,-0.11,0.13,-1.06
1442,14673,1002.91,22.41
1443,0.05,-0.18,0.98,0.09,-0.12,0.12,-1.06
1444,14694,1002.91,22.41
1445,0.05,-0.18,0.98,0.09,-0.12,0.13,-1.05
1446,14715,1002.91,22.41
1447,0.05,-0.18,0.98,0.09,-0.12,0.13,-1.05
1448,14736,1002.91,22.43
1449,0.05,-0.18,0.98,0.09,-0.12,0.14,-1.07
1450,14757,1003.00,22.43
1451,0.05,-0.18,0.98,0.09,-0.12,0.13,-1.05
1452,14778,1003.00,22.43
1453,0.05,-0.18,0.98,0.09,-0.11,0.13,-1.05
1454,14799,1003.00,22.44
1455,0.05,-0.18,0.98,0.09,-0.11,0.13,-1.06
1456,14820,1003.00,22.44
1457,0.05,-0.18,0.98,0.09,-0.11,0.13,-1.06
1458,14841,1003.04,22.44
1459,0.05,-0.18,0.98,0.09,-0.12,0.13,-1.06
1460,14863,1003.04,22.44
1461,0.05,-0.18,0.98,0.09,-0.12,0.13,-1.06
1462,14883,1003.04,22.43
1463,0.05,-0.18,0.98,0.09,-0.12,0.12,-1.05
1464,14905,1003.04,22.43
1465,0.05,-0.18,0.98,0.09,-0.12,0.14,-1.06
1466,14925,1002.94,22.43
1467,0.05,-0.18,0.98,0.09,-0.12,0.13,-1.06
1468,14947,1002.94,22.43
1469,0.05,-0.18,0.98,0.09,-0.11,0.13,-1.06
1470,14967,1002.94,22.44
1471,0.05,-0.18,0.98,0.09,-0.12,0.13,-1.06
1472,14989,1002.94,22.44
1473,0.05,-0.18,0.98,0.09,-0.12,0.13,-1.06
1474,15010,1003.02,22.44
1475,0.05,-0.18,0.98,0.09,-0.12,0.13,-1.06
1476,15031,1003.02,22.44
1477,0.05,-0.18,0.98,0.09,-0.12,0.12,-1.06
1478,15052,1003.02,22.43
1479,0.05,-0.18,0.98,0.09,-0.11,0.13,-1.06
1480,15073,1003.02,22.43
1481,0.05,-0.18,0.98,0.09,-0.11,0.13,-1.05
1482,15094,1002.96,22.43
1483,0.05,-0.18,0.98,0.09,-0.11,0.13,-1.06
1484,15115,1002.96,22.43
1485,0.05,-0.18,0.98,0.09,-0.12,0.13,-1.06
1486,15136,1002.96,22.42
1487,0.05,-0.18,0.98,0.09,-0.12,0.13,-1.06
1488,15157,1002.92,22.42
1489,0.05,-0.18,0.98,0.09,-0.12,0.13,-1.06
1490,15178,1002.92,22.42
1491,0.05,-0.18,0.98,0.09,-0.11,0.14,-1.06
1492,15200,1002.92,22.42
1493,0.05,-0.18,0.98,0.09,-0.12,0.13,-1.06
1494,15220,1002.92,22.45
1495,0.05,-0.18,0.98,0.09,-0.12,0.13,-1.06
1496,15242,1003.06,22.45
1497,0.05,-0.18,0.98,0.09,-0.11,0.13,-1.05
1498,15262,1003.06,22.45
1499,0.05,-0.18,0.98,0.09,-0.11,0.14,-1.06
1500,15284,1003.06,22.46
1501,0.05,-0.18,0.98,0.09,-0.12,0.12,-1.06
1502,15304,1003.06,22.46
1503,0.05,-0.18,0.98,0.09,-0.12,0.13,-1.06
1504,15326,1002.99,22.46
1505,0.05,-0.18,0.98,0.09,-0.11,0.13,-1.05
1506,15347,1002.99,22.46
1507,0.05,-0.18,0.98,0.09,-0.12,0.13,-1.06
1508,15368,1002.99,22.45
1509,0.05,-0.18,0.98,0.09,-0.12,0.13,-1.06
1510,15389,1002.99,22.45
1511,0.05,-0.18,0.98,0.09,-0.11,0.13,-1.06
1512,15410,1003.06,22.45
1513,0.05,-0.18,0.98,0.09,-0.12,0.13,-1.05
1514,15431,1003.06,22.45
1515,0.05,-0.18,0.98,0.09,-0.12,0.13,-1.07
1516,15452,1003.06,22.43
1517,0.05,-0.18,0.98,0.09,-0.11,0.13,-1.05
1518,15473,1003.06,22.43
1519,0.05,-0.18,0.98,0.09,-0.12,0.13,-1.05
1520,15494,1002.99,22.43
1521,0.05,-0.18,0.98,0.09,-0.12,0.14,-1.07
1522,15515,1002.99,22.43
1523,0.05,-0.18,0.98,0.09,-0.13,0.12,-1.06
1524,15537,1002.99,22.46
1525,0.05,-0.18,0.98,0.09,-0.11,0.13,-1.06
1526,15557,1003.03,22.46
1527,0.05,-0.18,0.98,0.09,-0.12,0.13,-1.05
1528,15579,1003.03,22.46
1529,0.05,-0.18,0.98,0.09,-0.11,0.14,-1.05
1530,15599,1003.03,22.46
1531,0.05,-0.18,0.98,0.09,-0.12,0.14,-1.06
1532,15621,1003.03,22.47
1533,0.05,-0.18,0.98,0.09,-0.12,0.13,-1.06
1534,15641,1003.03,22.47
1535,0.05,-0.18,0.98,0.09,-0.12,0.13,-1.06
1536,15663,1003.03,22.47
1537,0.05,-0.18,0.98,0.09,-0.12,0.13,-1.06
1538,15683,1003.03,22.44
1539,0.05,-0.18,0.98,0.09,-0.12,0.13,-1.06
1540,15705,1003.03,22.44
1541,0.05,-0.18,0.98,0.09,-0.12,0.13,-1.06
1542,15726,1002.97,22.44
1543,0.05,-0.18,0.98,0.09,-0.12,0.13,-1.06
1544,15747,1002.97,22.44
1545,0.05,-0.18,0.98,0.09,-0.11,0.14,-1.06
1546,15768,1002.97,22.42
1547,0.05,-0.18,0.98,0.09,-0.12,0.13,-1.05
1548,15789,1002.97,22.42
1549,0.05,-0.19,0.98,0.09,-0.12,0.13,-1.06
1550,15810,1002.95,22.42
1551,0.05,-0.19,0.98,0.09,-0.12,0.12,-1.07
1552,15831,1002.95,22.42
1553,0.05,-0.19,0.98,0.09,-0.11,0.14,-1.05
1554,15852,1002.95,22.46
1555,0.05,-0.19,0.98,0.09,-0.11,0.13,-1.05
1556,15873,1002.95,22.46
1557,0.05,-0.19,0.98,0.09,-0.11,0.14,-1.07
1558,15894,1002.99,22.46
1559,0.05,-0.19,0.98,0.09,-0.12,0.12,-1.05
1560,15916,1002.99,22.46
1561,0.05,-0.19,0.98,0.09,-0.12,0.13,-1.06
1562,15936,1002.99,22.47
1563,0.05,-0.19,0.98,0.09,-0.11,0.13,-1.05
1564,15958,1003.03,22.47
1565,0.05,-0.19,0.98,0.09,-0.11,0.14,-1.06
1566,15978,1003.03,22.47
1567,0.05,-0.19,0.98,0.09,-0.12,0.13,-1.06
1568,16000,1003.03,22.47
1569,0.05,-0.19,0.98,0.09,-0.11,0.13,-1.06
1570,16020,1003.03,22.44
1571,0.05,-0.19,0.98,0.09,-0.11,0.13,-1.06
1572,16041,1002.95,22.44
1573,0.05,-0.19,0.98,0.09,-0.12,0.13,-1.06
1574,16062,1002.95,22.44
1575,0.05,-0.19,0.98,0.09,-0.12,0.14,-1.07
1576,16083,1002.95,22.44
1577,0.05,-0.19,0.98,0.09,-0.12,0.13,-1.05
1578,16105,1002.95,22.47
1579,0.05,-0.19,0.98,0.09,-0.12,0.13,-1.05
1580,16125,1003.03,22.47
1581,0.05,-0.19,0.98,0.09,-0.12,0.13,-1.06
1582,16147,1003.03,22.47
1583,0.05,-0.19,0.98,0.09,-0.11,0.13,-1.05
1584,16167,1003.03,22.46
1585,0.05,-0.19,0.98,0.09,-0.11,0.14,-1.05
1586,16189,1003.03,22.46
1587,0.05,-0.19,0.98,0.09,-0.12,0.13,-1.06
1588,16209,1002.96,22.46
1589,0.05,-0.19,0.98,0.09,-0.12,0.13,-1.06
1590,16231,1002.96,22.46
1591,0.05,-0.19,0.98,0.09,-0.11,0.14,-1.05
1592,16251,1002.96,22.46
1593,0.05,-0.19,0.98,0.09,-0.11,0.13,-1.05
1594,16273,1002.96,22.46
1595,0.05,-0.19,0.98,0.09,-0.12,0.14,-1.07
1596,16293,1002.99,22.46
1597,0.05,-0.19,0.98,0.09,-0.12,0.13,-1.06
1598,16315,1002.99,22.46
1599,0.05,-0.19,0.98,0.09,-0.11,0.14,-1.05
1600,16336,1002.99,22.42
1601,0.05,-0.19,0.98,0.09,-0.11,0.13,-1.06
1602,16357,1002.99,22.42
1603,0.05,-0.19,0.98,0.09,-0.11,0.13,-1.05
1604,16378,1002.90,22.42
1605,0.05,-0.19,0.98,0.09,-0.12,0.13,-1.06
1606,16399,1002.90,22.42
1607,0.05,-0.19,0.98,0.09,-0.12,0.13,-1.06
1608,16420,1002.90,22.44
1609,0.05,-0.19,0.98,0.09,-0.12,0.13,-1.06
1610,16441,1002.93,22.44
1611,0.05,-0.19,0.98,0.09,-0.12,0.14,-1.06
1612,16462,1002.93,22.44
1613,0.05,-0.19,0.98,0.09,-0.12,0.13,-1.05
1614,16483,1002.93,22.44
1615,0.05,-0.19,0.98,0.09,-0.11,0.13,-1.06
1616,16504,1002.93,22.45
1617,0.05,-0.19,0.98,0.09,-0.11,0.13,-1.06
1618,16526,1002.93,22.45
1619,0.05,-0.19,0.98,0.09,-0.11,0.13,-1.05
1620,16546,1002.93,22.45
1621,0.05,-0.19,0.98,0.09,-0.12,0.13,-1.06
1622,16568,1002.93,22.46
1623,0.05,-0.19,0.98,0.09,-0.12,0.13,-1.06
1624,16588,1002.93,22.46
1625,0.05,-0.19,0.98,0.09,-0.12,0.13,-1.06
1626,16610,1002.95,22.46
1627,0.05,-0.19,0.98,0.09,-0.11,0.13,-1.06
1628,16630,1002.95,22.46
1629,0.05,-0.19,0.98,0.08,-0.11,0.14,-1.06
1630,16652,1002.95,22.45
1631,0.05,-0.19,0.98,0.09,-0.11,0.13,-1.05
1632,16672,1002.95,22.45
1633,0.05,-0.19,0.98,0.09,-0.11,0.13,-1.06
1634,16694,1002.94,22.45
1635,0.05,-0.19,0.98,0.09,-0.12,0.13,-1.06
1636,16715,1002.94,22.45
1637,0.05,-0.19,0.98,0.09,-0.12,0.13,-1.06
1638,16736,1002.94,22.45
1639,0.05,-0.19,0.98,0.08,-0.11,0.13,-1.06
1640,16757,1002.94,22.45
1641,0.05,-0.19,0.98,0.09,-0.11,0.14,-1.05
1642,16778,1002.94,22.45
1643,0.05,-0.19,0.98,0.09,-0.11,0.13,-1.05
1644,16799,1002.94,22.45
1645,0.05,-0.19,0.98,0.09,-0.11,0.14,-1.06
1646,16820,1002.94,22.45
1647,0.05,-0.19,0.98,0.09,-0.12,0.13,-1.06
1648,16841,1002.94,22.45
1649,0.05,-0.19,0.98,0.09,-0.12,0.12,-1.07
1650,16862,1002.94,22.45
1651,0.05,-0.19,0.98,0.09,-0.11,0.14,-1.06
1652,16883,1002.94,22.45
1653,0.05,-0.19,0.98,0.09,-0.11,0.14,-1.05
1654,16905,1002.94,22.44
1655,0.05,-0.19,0.98,0.09,-0.11,0.14,-1.06
1656,16925,1002.83,22.44
1657,0.05,-0.19,0.98,0.09,-0.12,0.13,-1.06
1658,16947,1002.83,22.44
1659,0.05,-0.19,0.98,0.09,-0.12,0.13,-1.07
1660,16967,1002.83,22.48
1661,0.05,-0.19,0.98,0.09,-0.11,0.13,-1.06
1662,16989,1002.83,22.48
1663,0.05,-0.19,0.98,0.09,-0.11,0.14,-1.06
1664,17009,1003.04,22.48
1665,0.05,-0.19,0.98,0.09,-0.12,0.14,-1.06
1666,17031,1003.04,22.48
1667,0.05,-0.19,0.98,0.09,-0.12,0.13,-1.06
1668,17051,1003.04,22.42
1669,0.05,-0.19,0.98,0.08,-0.11,0.13,-1.07
1670,17073,1003.04,22.42
1671,0.05,-0.19,0.98,0.08,-0.11,0.14,-1.05
1672,17093,1002.85,22.42
1673,0.05,-0.19,0.98,0.08,-0.11,0.14,-1.04
1674,17115,1002.85,22.42
1675,0.05,-0.19,0.98,0.08,-0.12,0.13,-1.07
1676,17136,1002.85,22.47
1677,0.05,-0.19,0.98,0.08,-0.12,0.12,-1.07
1678,17157,1002.85,22.47
1679,0.05,-0.19,0.98,0.08,-0.12,0.13,-1.06
1680,17178,1002.94,22.47
1681,0.05,-0.19,0.98,0.08,-0.11,0.13,-1.06
1682,17199,1002.94,22.47
1683,0.05,-0.19,0.98,0.08,-0.11,0.15,-1.05
1684,17220,1002.94,22.48
1685,0.05,-0.19,0.98,0.08,-0.12,0.13,-1.05
1686,17241,1002.94,22.48
1687,0.05,-0.19,0.98,0.08,-0.12,0.13,-1.07
1688,17262,1003.00,22.48
1689,0.05,-0.19,0.98,0.08,-0.11,0.13,-1.07
1690,17283,1003.00,22.48
1691,0.05,-0.19,0.98,0.08,-0.10,0.15,-1.05
1692,17304,1003.00,22.47
1693,0.05,-0.19,0.98,0.08,-0.11,0.15,-1.04
1694,17325,1002.99,22.47
1695,0.05,-0.19,0.98,0.08,-0.12,0.13,-1.06
1696,17346,1002.99,22.47
1697,0.05,-0.19,0.98,0.08,-0.12,0.13,-1.07
1698,17368,1002.99,22.47
1699,0.05,-0.19,0.98,0.08,-0.12,0.13,-1.06
1700,17388,1002.99,22.45
1701,0.05,-0.19,0.98,0.08,-0.12,0.13,-1.06
1702,17410,1002.96,22.45
1703,0.05,-0.19,0.98,0.08,-0.12,0.13,-1.07
1704,17430,1002.96,22.45
1705,0.05,-0.19,0.98,0.08,-0.11,0.14,-1.05
1706,17452,1002.96,22.46
1707,0.05,-0.19,0.98,0.08,-0.11,0.14,-1.05
1708,17472,1002.96,22.46
1709,0.05,-0.19,0.98,0.08,-0.11,0.13,-1.06
1710,17494,1002.95,22.46
1711,0.05,-0.19,0.98,0.08,-0.12,0.13,-1.06
1712,17514,1002.95,22.46
1713,0.05,-0.19,0.98,0.08,-0.11,0.12,-1.06
1714,17536,1002.95,22.45
1715,0.05,-0.19,0.97,0.08,-0.11,0.14,-1.05
1716,17557,1002.95,22.45
1717,0.05,-0.19,0.97,0.08,-0.11,0.14,-1.05
1718,17577,1002.95,22.45
1719,0.05,-0.19,0.97,0.08,-0.12,0.13,-1.06
1720,17599,1002.95,22.45
1721,0.05,-0.19,0.97,0.08,-0.12,0.13,-1.06
1722,17619,1002.95,22.47
1723,0.05,-0.19,0.97,0.08,-0.12,0.14,-1.06
1724,17641,1002.95,22.47
1725,0.05,-0.19,0.97,0.08,-0.12,0.13,-1.05
1726,17661,1002.99,22.47
1727,0.05,-0.19,0.97,0.08,-0.11,0.13,-1.06
1728,17683,1002.99,22.47
1729,0.05,-0.19,0.97,0.08,-0.12,0.13,-1.06
1730,17703,1002.99,22.48
1731,0.05,-0.19,0.97,0.08,-0.12,0.13,-1.06
1732,17725,1002.99,22.48
1733,0.05,-0.19,0.97,0.08,-0.12,0.13,-1.06
1734,17745,1002.99,22.48
1735,0.05,-0.19,0.97,0.08,-0.12,0.13,-1.05
1736,17767,1002.99,22.48
1737,0.05,-0.19,0.97,0.08,-0.12,0.13,-1.06
1738,17788,1002.99,22.47
1739,0.05,-0.19,0.97,0.08,-0.11,0.13,-1.06
1740,17809,1002.96,22.47
1741,0.05,-0.19,0.97,0.08,-0.12,0.14,-1.06
1742,17830,1002.96,22.47
1743,0.05,-0.19,0.97,0.08,-0.11,0.14,-1.06
1744,17851,1002.96,22.50
1745,0.05,-0.19,0.97,0.08,-0.12,0.13,-1.06
1746,17872,1002.96,22.50
1747,0.05,-0.19,0.97,0.08,-0.12,0.12,-1.06
1748,17893,1003.06,22.50
1749,0.05,-0.19,0.97,0.08,-0.12,0.13,-1.07
1750,17914,1003.06,22.50
1751,0.05,-0.19,0.97,0.08,-0.11,0.13,-1.04
1752,17935,1003.06,22.49
1753,0.05,-0.19,0.97,0.08,-0.11,0.14,-1.06
1754,17956,1003.06,22.49
1755,0.05,-0.19,0.97,0.08,-0.12,0.13,-1.05
1756,17977,1003.01,22.49
1757,0.05,-0.19,0.97,0.08,-0.12,0.12,-1.07
1758,17998,1003.01,22.49
1759,0.05,-0.19,0.97,0.08,-0.12,0.13,-1.06
1760,18020,1003.01,22.46
1761,0.05,-0.19,0.97,0.08,-0.12,0.14,-1.05
1762,18040,1003.01,22.46
1763,0.05,-0.19,0.97,0.08,-0.12,0.13,-1.06
1764,18062,1002.91,22.46
1765,0.05,-0.19,0.97,0.08,-0.12,0.12,-1.06
1766,18082,1002.91,22.46
1767,0.05,-0.19,0.97,0.08,-0.12,0.14,-1.06
1768,18104,1002.91,22.49
1769,0.05,-0.19,0.97,0.08,-0.11,0.13,-1.05
1770,18124,1002.91,22.49
1771,0.05,-0.19,0.97,0.08,-0.11,0.13,-1.06
1772,18146,1003.05,22.49
1773,0.05,-0.19,0.97,0.08,-0.12,0.14,-1.06
1774,18166,1003.05,22.49
1775,0.05,-0.19,0.97,0.08,-0.12,0.13,-1.05
1776,18188,1003.05,22.48
1777,0.05,-0.19,0.97,0.08,-0.12,0.13,-1.06
1778,18209,1003.00,22.48
1779,0.05,-0.19,0.97,0.08,-0.12,0.12,-1.06
1780,18230,1003.00,22.48
1781,0.05,-0.19,0.97,0.08,-0.11,0.14,-1.06
1782,18251,1003.00,22.48
1783,0.05,-0.19,0.97,0.08,-0.12,0.14,-1.05
1784,18272,1003.00,22.47
1785,0.05,-0.19,0.97,0.08,-0.12,0.14,-1.05
1786,18293,1002.92,22.47
1787,0.05,-0.19,0.97,0.08,-0.12,0.12,-1.06
1788,18314,1002.92,22.47
1789,0.05,-0.19,0.97,0.08,-0.11,0.13,-1.06
1790,18335,1002.92,22.48
1791,0.05,-0.19,0.97,0.08,-0.11,0.13,-1.05
1792,18356,1002.92,22.48
1793,0.05,-0.19,0.97,0.08,-0.12,0.14,-1.06
1794,18377,1002.97,22.48
1795,0.05,-0.19,0.97,0.08,-0.12,0.13,-1.05
1796,18398,1002.97,22.48
1797,0.05,-0.19,0.97,0.08,-0.12,0.13,-1.06
1798,18419,1002.97,22.47
1799,0.05,-0.19,0.97,0.08,-0.12,0.13,-1.06
1800,18441,1002.97,22.47
1801,0.05,-0.19,0.97,0.08,-0.12,0.13,-1.05
1802,18461,1002.91,22.47
1803,0.05,-0.19,0.97,0.08,-0.12,0.13,-1.06
1804,18483,1002.91,22.47
1805,0.05,-0.20,0.97,0.08,-0.12,0.13,-1.06
1806,18503,1002.91,22.51
1807,0.05,-0.20,0.97,0.08,-0.12,0.12,-1.06
1808,18525,1002.91,22.51
1809,0.05,-0.20,0.97,0.08,-0.11,0.14,-1.06
1810,18545,1003.04,22.51
1811,0.05,-0.20,0.97,0.08,-0.11,0.14,-1.06
1812,18567,1003.04,22.51
1813,0.05,-0.20,0.97,0.08,-0.11,0.13,-1.06
1814,18587,1003.04,22.48
1815,0.05,-0.20,0.97,0.08,-0.12,0.13,-1.06
1816,18609,1003.03,22.48
1817,0.05,-0.20,0.97,0.08,-0.12,0.13,-1.06
1818,18630,1003.03,22.48
1819,0.05,-0.20,0.97,0.08,-0.12,0.14,-1.06
1820,18651,1003.03,22.48
1821,0.05,-0.20,0.97,0.08,-0.11,0.13,-1.05
1822,18672,1003.03,22.49
1823,0.05,-0.20,0.97,0.08,-0.11,0.13,-1.06
1824,18693,1003.10,22.49
1825,0.05,-0.20,0.97,0.08,-0.12,0.13,-1.06
1826,18714,1003.10,22.49
1827,0.05,-0.20,0.97,0.08,-0.12,0.13,-1.06
1828,18735,1003.10,22.48
1829,0.05,-0.20,0.97,0.08,-0.11,0.14,-1.06
1830,18756,1003.10,22.48
1831,0.05,-0.20,0.97,0.08,-0.12,0.13,-1.05
1832,18777,1002.97,22.48
1833,0.05,-0.20,0.97,0.08,-0.11,0.14,-1.06
1834,18798,1002.97,22.48
1835,0.05,-0.20,0.97,0.08,-0.12,0.13,-1.06
1836,18819,1002.97,22.47
1837,0.05,-0.20,0.97,0.08,-0.12,0.14,-1.06
1838,18840,1002.97,22.47
1839,0.05,-0.20,0.97,0.08,-0.12,0.13,-1.06
1840,18862,1002.92,22.47
1841,0.05,-0.20,0.97,0.08,-0.12,0.13,-1.06
1842,18882,1002.92,22.47
1843,0.05,-0.20,0.97,0.08,-0.11,0.13,-1.06
1844,18904,1002.92,22.49
1845,0.05,-0.20,0.97,0.08,-0.11,0.14,-1.05
1846,18924,1002.92,22.49
1847,0.05,-0.20,0.97,0.08,-0.12,0.14,-1.05
1848,18946,1002.98,22.49
1849,0.05,-0.20,0.97,0.08,-0.13,0.13,-1.06
1850,18966,1002.98,22.49
1851,0.05,-0.20,0.97,0.08,-0.12,0.12,-1.07
1852,18988,1002.98,22.50
1853,0.05,-0.20,0.97,0.08,-0.11,0.13,-1.05
1854,19008,1003.02,22.50
1855,0.05,-0.20,0.97,0.08,-0.11,0.14,-1.05
1856,19030,1003.02,22.50
1857,0.05,-0.20,0.97,0.08,-0.11,0.14,-1.06
1858,19050,1003.02,22.50
1859,0.05,-0.20,0.97,0.08,-0.12,0.12,-1.06
1860,19072,1003.02,22.51
1861,0.05,-0.20,0.97,0.08,-0.12,0.13,-1.06
1862,19093,1003.04,22.51
1863,0.05,-0.20,0.97,0.08,-0.11,0.13,-1.07
1864,19113,1003.04,22.51
1865,0.05,-0.20,0.97,0.08,-0.11,0.15,-1.04
1866,19135,1003.04,22.51
1867,0.05,-0.20,0.97,0.08,-0.12,0.13,-1.06
1868,19155,1003.04,22.51
1869,0.05,-0.20,0.97,0.08,-0.12,0.12,-1.08
1870,19177,1003.08,22.51
1871,0.05,-0.20,0.97,0.08,-0.12,0.13,-1.06
1872,19197,1003.08,22.51
1873,0.05,-0.20,0.97,0.08,-0.11,0.14,-1.05
1874,19219,1003.08,22.48
1875,0.05,-0.20,0.97,0.08,-0.11,0.14,-1.05
1876,19239,1003.08,22.48
1877,0.05,-0.20,0.97,0.08,-0.12,0.13,-1.06
1878,19261,1002.97,22.48
1879,0.05,-0.20,0.97,0.08,-0.11,0.13,-1.06
1880,19281,1002.97,22.48
1881,0.05,-0.20,0.97,0.08,-0.12,0.13,-1.06
1882,19303,1002.97,22.54
1883,0.05,-0.20,0.97,0.08,-0.12,0.13,-1.06
1884,19324,1002.97,22.54
1885,0.05,-0.20,0.97,0.08,-0.12,0.13,-1.06
1886,19345,1003.14,22.54
1887,0.05,-0.20,0.97,0.08,-0.11,0.13,-1.06
1888,19366,1003.14,22.54
1889,0.05,-0.20,0.97,0.08,-0.12,0.13,-1.06
1890,19387,1003.14,22.52
1891,0.05,-0.20,0.97,0.08,-0.12,0.13,-1.06
1892,19408,1003.14,22.52
1893,0.05,-0.20,0.97,0.08,-0.12,0.13,-1.06
1894,19429,1003.03,22.52
1895,0.05,-0.20,0.97,0.08,-0.12,0.14,-1.06
1896,19450,1003.03,22.52
1897,0.05,-0.20,0.97,0.08,-0.11,0.13,-1.05
1898,19471,1003.03,22.52
1899,0.05,-0.20,0.97,0.08,-0.12,0.14,-1.06
1900,19492,1003.01,22.52
1901,0.05,-0.20,0.97,0.08,-0.11,0.13,-1.07
1902,19514,1003.01,22.52
1903,0.05,-0.20,0.97,0.08,-0.12,0.13,-1.05
1904,19534,1003.01,22.52
1905,0.05,-0.20,0.97,0.08,-0.12,0.14,-1.07
1906,19556,1003.01,22.53
1907,0.05,-0.20,0.97,0.08,-0.11,0.13,-1.06
1908,19576,1003.02,22.53
1909,0.05,-0.20,0.97,0.08,-0.11,0.14,-1.05
1910,19598,1003.02,22.53
1911,0.05,-0.20,0.97,0.08,-0.11,0.14,-1.06
1912,19618,1003.02,22.52
1913,0.05,-0.20,0.97,0.08,-0.12,0.12,-1.07
1914,19640,1003.02,22.52
1915,0.05,-0.20,0.97,0.08,-0.11,0.13,-1.05
1916,19660,1003.01,22.52
1917,0.05,-0.20,0.97,0.08,-0.12,0.14,-1.06
1918,19682,1003.01,22.52
1919,0.05,-0.20,0.97,0.08,-0.12,0.14,-1.06
1920,19702,1003.01,22.50
1921,0.05,-0.20,0.97,0.08,-0.12,0.12,-1.05
1922,19724,1003.01,22.50
1923,0.05,-0.20,0.97,0.08,-0.11,0.14,-1.06
1924,19745,1002.98,22.50
1925,0.05,-0.20,0.97,0.08,-0.11,0.13,-1.06
1926,19766,1002.98,22.50
1927,0.05,-0.20,0.97,0.08,-0.11,0.14,-1.06
1928,19787,1002.98,22.52
1929,0.05,-0.20,0.97,0.08,-0.12,0.13,-1.06
1930,19808,1002.98,22.52
1931,0.05,-0.20,0.97,0.08,-0.12,0.13,-1.06
1932,19829,1003.00,22.52
1933,0.05,-0.20,0.97,0.08,-0.12,0.12,-1.06
1934,19850,1003.00,22.52
1935,0.05,-0.20,0.97,0.08,-0.11,0.13,-1.06
1936,19871,1003.00,22.50
1937,0.05,-0.20,0.97,0.08,-0.12,0.13,-1.05
1938,19892,1002.93,22.50
1939,0.05,-0.20,0.97,0.08,-0.11,0.13,-1.06
1940,19913,1002.93,22.50
1941,0.05,-0.20,0.97,0.08,-0.11,0.13,-1.06
1942,19934,1002.93,22.50
1943,0.05,-0.20,0.97,0.08,-0.11,0.14,-1.05
1944,19955,1002.93,22.54
1945,0.05,-0.20,0.97,0.08,-0.12,0.14,-1.05
1946,19976,1003.10,22.54
1947,0.05,-0.20,0.97,0.08,-0.12,0.12,-1.06
1948,19997,1003.10,22.54
1949,0.05,-0.20,0.97,0.08,-0.12,0.13,-1.07
1950,20019,1003.10,22.54
1951,0.05,-0.20,0.97,0.08,-0.11,0.13,-1.05
1952,20039,1003.10,22.54
1953,0.05,-0.20,0.97,0.08,-0.11,0.14,-1.05
1954,20061,1003.08,22.54
1955,0.05,-0.20,0.97,0.08,-0.12,0.14,-1.05
1956,20081,1003.08,22.54
1957,0.05,-0.20,0.97,0.08,-0.12,0.12,-1.06
1958,20103,1003.08,22.54
1959,0.05,-0.20,0.97,0.08,-0.12,0.14,-1.06
1960,20123,1003.08,22.54
1961,0.05,-0.20,0.97,0.08,-0.11,0.13,-1.06
1962,20145,1003.07,22.54
1963,0.05,-0.20,0.97,0.08,-0.11,0.14,-1.05
1964,20165,1003.07,22.54
1965,0.05,-0.20,0.97,0.08,-0.12,0.13,-1.05
1966,20187,1003.07,22.50
1967,0.05,-0.20,0.97,0.08,-0.11,0.13,-1.07
1968,20207,1003.07,22.50
1969,0.05,-0.20,0.97,0.08,-0.11,0.13,-1.05
1970,20229,1002.94,22.50
1971,0.05,-0.20,0.97,0.08,-0.11,0.14,-1.05
1972,20250,1002.94,22.50
1973,0.05,-0.20,0.97,0.08,-0.12,0.14,-1.06
1974,20271,1002.94,22.52
1975,0.05,-0.20,0.97,0.08,-0.12,0.13,-1.06
1976,20292,1002.94,22.52
1977,0.05,-0.20,0.97,0.08,-0.11,0.13,-1.05
1978,20313,1003.03,22.52
1979,0.05,-0.20,0.97,0.08,-0.12,0.14,-1.06
1980,20334,1003.03,22.52
1981,0.05,-0.20,0.97,0.08,-0.12,0.14,-1.07
1982,20355,1003.03,22.52
1983,0.05,-0.20,0.97,0.08,-0.11,0.13,-1.06
1984,20376,1003.03,22.52
1985,0.05,-0.20,0.97,0.08,-0.11,0.14,-1.05
1986,20397,1003.03,22.52
1987,0.05,-0.20,0.97,0.08,-0.11,0.13,-1.05
1988,20418,1003.03,22.52
1989,0.05,-0.20,0.97,0.08,-0.12,0.13,-1.06
1990,20440,1003.03,22.51
1991,0.05,-0.20,0.97,0.08,-0.12,0.14,-1.06
1992,20460,1003.01,22.51
1993,0.05,-0.20,0.97,0.08,-0.11,0.13,-1.05
1994,20482,1003.01,22.51
1995,0.05,-0.20,0.97,0.08,-0.12,0.14,-1.06
1996,20502,1003.01,22.53
1997,0.05,-0.20,0.97,0.08,-0.12,0.13,-1.06
1998,20524,1003.01,22.53
1999,0.05,-0.20,0.97,0.08,-0.12,0.14,-1.06
2000,20544,1003.09,22.53
2001,0.05,-0.20,0.97,0.08,-0.12,0.13,-1.06
2002,20566,1003.09,22.53
2003,0.05,-0.20,0.97,0.08,-0.11,0.13,-1.05
2004,20586,1003.09,22.51
2005,0.05,-0.20,0.97,0.08,-0.11,0.14,-1.05
2006,20608,1003.09,22.51
2007,0.05,-0.20,0.97,0.08,-0.12,0.14,-1.06
2008,20628,1003.01,22.51
2009,0.05,-0.20,0.97,0.08,-0.12,0.13,-1.06
2010,20649,1003.01,22.51
2011,0.05,-0.20,0.97,0.08,-0.12,0.13,-1.06
2012,20671,1003.01,22.53
2013,0.05,-0.20,0.97,0.08,-0.11,0.12,-1.07
2014,20691,1003.01,22.53
2015,0.05,-0.20,0.97,0.08,-0.11,0.15,-1.06
2016,20713,1003.03,22.53
2017,0.05,-0.20,0.97,0.08,-0.11,0.14,-1.06
2018,20733,1003.03,22.53
2019,0.05,-0.20,0.97,0.08,-0.12,0.13,-1.06
2020,20755,1003.03,22.51
2021,0.05,-0.20,0.97,0.08,-0.12,0.13,-1.06
2022,20775,1002.96,22.51
2023,0.05,-0.20,0.97,0.08,-0.11,0.13,-1.06
2024,20797,1002.96,22.51
2025,0.05,-0.20,0.97,0.08,-0.11,0.14,-1.06
2026,20817,1002.96,22.51
2027,0.05,-0.20,0.97,0.08,-0.11,0.14,-1.05
2028,20839,1002.96,22.53
2029,0.05,-0.20,0.97,0.08,-0.12,0.13,-1.06
2030,20860,1003.01,22.53
2031,0.05,-0.20,0.97,0.08,-0.12,0.13,-1.07
2032,20881,1003.01,22.53
2033,0.05,-0.20,0.97,0.08,-0.12,0.13,-1.04
2034,20902,1003.01,22.53
2035,0.05,-0.20,0.97,0.08,-0.12,0.13,-1.06
2036,20923,1003.01,22.54
2037,0.05,-0.20,0.97,0.08,-0.12,0.13,-1.06
2038,20944,1003.05,22.54
2039,0.05,-0.20,0.97,0.08,-0.11,0.14,-1.05
2040,20965,1003.05,22.54
2041,0.05,-0.20,0.97,0.08,-0.11,0.14,-1.05
2042,20986,1003.05,22.53
2043,0.05,-0.20,0.97,0.08,-0.12,0.13,-1.06
2044,21007,1003.05,22.53
2045,0.05,-0.20,0.97,0.08,-0.12,0.13,-1.06
2046,21028,1003.01,22.53
2047,0.05,-0.20,0.97,0.08,-0.12,0.13,-1.06
2048,21049,1003.01,22.53
2049,0.05,-0.20,0.97,0.08,-0.11,0.13,-1.05
2050,21070,1003.01,22.54
2051,0.05,-0.20,0.97,0.08,-0.11,0.13,-1.06
2052,21091,1003.01,22.54
2053,0.05,-0.20,0.97,0.08,-0.11,0.14,-1.06
2054,21112,1003.05,22.54
2055,0.05,-0.20,0.97,0.08,-0.12,0.13,-1.05
2056,21134,1003.05,22.54
2057,0.05,-0.20,0.97,0.08,-0.12,0.13,-1.05
2058,21154,1003.05,22.56
2059,0.05,-0.20,0.97,0.08,-0.12,0.13,-1.07
2060,21176,1003.05,22.56
2061,0.05,-0.20,0.97,0.08,-0.11,0.13,-1.06
2062,21196,1003.12,22.56
2063,0.05,-0.20,0.97,0.08,-0.11,0.14,-1.04
2064,21218,1003.12,22.56
2065,0.05,-0.20,0.97,0.08,-0.11,0.14,-1.05
2066,21238,1003.12,22.52
2067,0.05,-0.20,0.97,0.08,-0.13,0.13,-1.07
2068,21260,1002.93,22.52
2069,0.05,-0.20,0.97,0.08,-0.11,0.14,-1.06
2070,21280,1002.93,22.52
2071,0.05,-0.20,0.97,0.08,-0.11,0.14,-1.04
2072,21302,1002.93,22.52
2073,0.05,-0.20,0.97,0.08,-0.11,0.14,-1.06
2074,21323,1002.93,22.54
2075,0.05,-0.20,0.97,0.08,-0.12,0.12,-1.06
2076,21344,1002.92,22.54
2077,0.05,-0.20,0.97,0.08,-0.12,0.13,-1.06
2078,21365,1002.92,22.54
2079,0.05,-0.20,0.97,0.08,-0.11,0.13,-1.06
2080,21386,1002.92,22.54
2081,0.05,-0.20,0.97,0.08,-0.11,0.15,-1.06
2082,21407,1002.92,22.54
2083,0.05,-0.20,0.97,0.08,-0.11,0.14,-1.05
2084,21428,1002.99,22.54
2085,0.05,-0.20,0.97,0.08,-0.12,0.14,-1.06
2086,21449,1002.99,22.54
2087,0.05,-0.20,0.97,0.08,-0.13,0.11,-1.07
2088,21470,1002.99,22.54
2089,0.05,-0.20,0.97,0.08,-0.12,0.13,-1.06
2090,21491,1002.99,22.54
2091,0.05,-0.20,0.97,0.08,-0.11,0.14,-1.05
2092,21513,1002.93,22.54
2093,0.05,-0.20,0.97,0.08,-0.11,0.14,-1.05
2094,21533,1002.93,22.54
2095,0.05,-0.20,0.97,0.08,-0.12,0.13,-1.05
2096,21555,1002.93,22.56
2097,0.05,-0.20,0.97,0.08,-0.12,0.13,-1.06
2098,21575,1002.93,22.56
2099,0.05,-0.20,0.97,0.08,-0.12,0.13,-1.06
2100,21597,1002.97,22.56
2101,0.05,-0.20,0.97,0.08,-0.11,0.14,-1.05
2102,21617,1002.97,22.56
2103,0.05,-0.20,0.97,0.08,-0.11,0.14,-1.05
2104,21639,1002.97,22.56
2105,0.05,-0.20,0.97,0.08,-0.11,0.13,-1.05
2106,21659,1002.99,22.56
2107,0.05,-0.20,0.97,0.08,-0.12,0.12,-1.06
2108,21681,1002.99,22.56
2109,0.05,-0.20,0.97,0.08,-0.12,0.13,-1.07
2110,21701,1002.99,22.56
2111,0.05,-0.20,0.97,0.08,-0.11,0.13,-1.06
2112,21723,1002.99,22.54
2113,0.05,-0.20,0.97,0.08,-0.11,0.14,-1.05
2114,21744,1002.88,22.54
2115,0.05,-0.20,0.97,0.08,-0.11,0.13,-1.05
2116,21765,1002.88,22.54
2117,0.05,-0.20,0.97,0.08,-0.12,0.13,-1.06
2118,21786,1002.88,22.54
2119,0.05,-0.20,0.97,0.08,-0.11,0.13,-1.06
2120,21807,1002.88,22.54
2121,0.05,-0.20,0.97,0.08,-0.11,0.13,-1.04
2122,21828,1002.92,22.54
2123,0.05,-0.20,0.97,0.08,-0.11,0.14,-1.05
2124,21849,1002.92,22.54
2125,0.05,-0.20,0.97,0.08,-0.11,0.13,-1.07
2126,21870,1002.92,22.53
2127,0.05,-0.20,0.97,0.08,-0.12,0.13,-1.06
2128,21891,1002.92,22.53
2129,0.05,-0.20,0.97,0.08,-0.11,0.13,-1.06
2130,21912,1002.87,22.53
2131,0.05,-0.20,0.97,0.08,-0.11,0.13,-1.05
2132,21934,1002.87,22.53
2133,0.05,-0.20,0.97,0.08,-0.11,0.14,-1.06
2134,21954,1002.87,22.54
2135,0.05,-0.20,0.97,0.08,-0.12,0.13,-1.06
2136,21976,1002.87,22.54
2137,0.05,-0.20,0.97,0.08,-0.12,0.13,-1.06
2138,21996,1002.94,22.54
2139,0.05,-0.20,0.97,0.08,-0.12,0.13,-1.06
2140,22018,1002.94,22.54
2141,0.05,-0.20,0.97,0.08,-0.12,0.12,-1.06
2142,22038,1002.94,22.60
2143,0.05,-0.20,0.97,0.08,-0.11,0.14,-1.06
2144,22060,1002.94,22.60
2145,0.04,-0.20,0.97,0.08,-0.11,0.13,-1.04
2146,22080,1003.06,22.60
2147,0.05,-0.20,0.97,0.08,-0.11,0.14,-1.06
2148,22102,1003.06,22.60
2149,0.05,-0.20,0.97,0.08,-0.12,0.13,-1.07
2150,22122,1003.06,22.57
2151,0.05,-0.20,0.97,0.08,-0.11,0.13,-1.06
2152,22144,1002.96,22.57
2153,0.05,-0.20,0.97,0.08,-0.12,0.14,-1.06
2154,22165,1002.96,22.57
2155,0.05,-0.20,0.97,0.08,-0.11,0.14,-1.06
2156,22185,1002.96,22.57
2157,0.04,-0.20,0.97,0.08,-0.11,0.14,-1.05
2158,22207,1002.96,22.61
2159,0.05,-0.20,0.97,0.08,-0.12,0.14,-1.06
2160,22227,1003.07,22.61
2161,0.04,-0.20,0.97,0.08,-0.12,0.13,-1.07
2162,22249,1003.07,22.61
2163,0.04,-0.20,0.97,0.08,-0.11,0.13,-1.06
2164,22269,1003.07,22.59
2165,0.04,-0.20,0.97,0.08,-0.11,0.13,-1.05
2166,22291,1003.07,22.59
2167,0.04,-0.20,0.97,0.08,-0.11,0.13,-1.06
2168,22311,1003.02,22.59
2169,0.04,-0.20,0.97,0.08,-0.11,0.13,-1.06
2170,22333,1003.02,22.59
2171,0.04,-0.20,0.97,0.08,-0.11,0.13,-1.05
2172,22353,1003.02,22.55
2173,0.04,-0.20,0.97,0.08,-0.11,0.14,-1.06
2174,22375,1003.02,22.55
2175,0.04,-0.20,0.97,0.08,-0.12,0.13,-1.06
2176,22395,1002.91,22.55
2177,0.04,-0.20,0.97,0.08,-0.12,0.13,-1.06
2178,22417,1002.91,22.55
2179,0.04,-0.20,0.97,0.08,-0.11,0.13,-1.06
2180,22438,1002.91,22.58
2181,0.04,-0.20,0.97,0.08,-0.11,0.13,-1.05
2182,22459,1002.91,22.58
2183,0.04,-0.20,0.97,0.08,-0.12,0.13,-1.06
2184,22480,1002.91,22.58
2185,0.04,-0.20,0.97,0.08,-0.12,0.13,-1.07
2186,22501,1002.91,22.58
2187,0.04,-0.20,0.97,0.08,-0.11,0.13,-1.06
2188,22522,1002.91,22.61
2189,0.04,-0.20,0.97,0.08,-0.11,0.13,-1.05
2190,22543,1002.99,22.61
2191,0.04,-0.20,0.97,0.08,-0.11,0.13,-1.05
2192,22564,1002.99,22.61
2193,0.04,-0.20,0.97,0.08,-0.12,0.13,-1.06
2194,22585,1002.99,22.61
2195,0.04,-0.20,0.97,0.08,-0.12,0.12,-1.06
2196,22606,1002.99,22.58
2197,0.04,-0.20,0.97,0.08,-0.11,0.13,-1.06
2198,22628,1002.95,22.58
2199,0.04,-0.20,0.97,0.08,-0.10,0.14,-1.05
2200,22648,1002.95,22.58
2201,0.04,-0.20,0.97,0.08,-0.11,0.13,-1.05
2202,22670,1002.95,22.56
2203,0.04,-0.20,0.97,0.08,-0.12,0.13,-1.06
2204,22690,1002.95,22.56
2205,0.04,-0.20,0.97,0.08,-0.12,0.12,-1.06
2206,22712,1002.91,22.56
2207,0.04,-0.20,0.97,0.08,-0.12,0.13,-1.06
2208,22732,1002.91,22.56
2209,0.04,-0.20,0.97,0.08,-0.11,0.13,-1.05
2210,22754,1002.91,22.60
2211,0.04,-0.20,0.97,0.08,-0.11,0.14,-1.05
2212,22774,1002.91,22.60
2213,0.04,-0.20,0.97,0.08,-0.11,0.13,-1.06
2214,22796,1002.93,22.60
2215,0.04,-0.20,0.97,0.08,-0.11,0.13,-1.06
2216,22816,1002.93,22.60
2217,0.04,-0.20,0.97,0.08,-0.12,0.13,-1.06
2218,22838,1002.93,22.59
2219,0.04,-0.20,0.97,0.08,-0.12,0.13,-1.05
2220,22859,1002.93,22.59
2221,0.04,-0.20,0.97,0.08,-0.12,0.13,-1.06
2222,22880,1002.86,22.59
2223,0.04,-0.20,0.97,0.08,-0.11,0.13,-1.06
2224,22901,1002.86,22.59
2225,0.04,-0.20,0.97,0.08,-0.12,0.13,-1.06
2226,22922,1002.86,22.59
2227,0.04,-0.20,0.97,0.08,-0.11,0.13,-1.06
2228,22943,1002.86,22.59
2229,0.04,-0.20,0.97,0.08,-0.11,0.13,-1.06
2230,22964,1002.92,22.59
2231,0.04,-0.20,0.97,0.08,-0.11,0.14,-1.06
2232,22985,1002.92,22.59
2233,0.04,-0.20,0.97,0.08,-0.11,0.13,-1.05
2234,23006,1002.92,22.60
2235,0.04,-0.20,0.97,0.08,-0.12,0.13,-1.06
2236,23027,1002.95,22.60
2237,0.04,-0.20,0.97,0.08,-0.11,0.13,-1.06
2238,23048,1002.95,22.60
2239,0.04,-0.20,0.97,0.08,-0.11,0.13,-1.06
2240,23069,1002.95,22.60
2241,0.04,-0.20,0.97,0.08,-0.11,0.13,-1.06
2242,23091,1002.95,22.60
2243,0.04,-0.20,0.97,0.08,-0.11,0.13,-1.05
2244,23111,1002.92,22.60
2245,0.04,-0.20,0.97,0.08,-0.12,0.13,-1.06
2246,23133,1002.92,22.60
2247,0.04,-0.20,0.97,0.08,-0.12,0.12,-1.06
2248,23153,1002.92,22.60
2249,0.04,-0.20,0.97,0.08,-0.11,0.12,-1.07
2250,23175,1002.92,22.60
2251,0.04,-0.20,0.97,0.08,-0.11,0.14,-1.05
2252,23195,1002.97,22.60
2253,0.04,-0.20,0.97,0.08,-0.11,0.13,-1.05
2254,23217,1002.97,22.60
2255,0.04,-0.20,0.97,0.08,-0.11,0.13,-1.06
2256,23237,1002.97,22.58
2257,0.04,-0.20,0.97,0.08,-0.12,0.12,-1.07
2258,23259,1002.97,22.58
2259,0.04,-0.20,0.97,0.08,-0.11,0.13,-1.06
2260,23279,1002.91,22.58
2261,0.04,-0.20,0.97,0.08,-0.11,0.14,-1.05
2262,23301,1002.91,22.58
2263,0.04,-0.20,0.97,0.08,-0.11,0.13,-1.06
2264,23322,1002.91,22.62
2265,0.04,-0.20,0.97,0.08,-0.11,0.14,-1.07
2266,23343,1002.91,22.62
2267,0.04,-0.20,0.97,0.08,-0.12,0.13,-1.06
2268,23364,1002.97,22.62
2269,0.04,-0.20,0.97,0.08,-0.11,0.13,-1.06
2270,23385,1002.97,22.62
2271,0.04,-0.20,0.97,0.08,-0.11,0.13,-1.06
2272,23406,1002.97,22.61
2273,0.04,-0.20,0.97,0.08,-0.12,0.13,-1.05
2274,23427,1002.94,22.61
2275,0.04,-0.20,0.97,0.08,-0.12,0.13,-1.07
2276,23448,1002.94,22.61
2277,0.04,-0.20,0.97,0.08,-0.11,0.13,-1.06
2278,23469,1002.94,22.61
2279,0.04,-0.20,0.97,0.08,-0.11,0.13,-1.05
2280,23490,1002.94,22.59
2281,0.04,-0.20,0.97,0.08,-0.11,0.14,-1.06
2282,23511,1002.86,22.59
2283,0.04,-0.20,0.97,0.08,-0.11,0.13,-1.06
2284,23532,1002.86,22.59
2285,0.04,-0.20,0.97,0.08,-0.11,0.13,-1.06
2286,23554,1002.86,22.59
2287,0.04,-0.20,0.97,0.08,-0.12,0.13,-1.06
2288,23574,1002.86,22.59
2289,0.04,-0.20,0.97,0.08,-0.12,0.13,-1.07
2290,23596,1002.87,22.59
2291,0.04,-0.20,0.97,0.08,-0.11,0.13,-1.05
2292,23616,1002.87,22.59
2293,0.04,-0.20,0.97,0.08,-0.11,0.14,-1.06
2294,23638,1002.87,22.62
2295,0.04,-0.20,0.97,0.08,-0.11,0.13,-1.06
2296,23658,1002.87,22.62
2297,0.04,-0.20,0.97,0.08,-0.11,0.13,-1.06
2298,23680,1002.98,22.62
2299,0.04,-0.20,0.97,0.08,-0.11,0.13,-1.06
2300,23700,1002.98,22.62
2301,0.04,-0.20,0.97,0.08,-0.11,0.14,-1.05
2302,23721,1002.98,22.60
2303,0.04,-0.20,0.97,0.08,-0.11,0.13,-1.06
2304,23742,1002.98,22.60
2305,0.04,-0.20,0.97,0.08,-0.11,0.13,-1.06
2306,23763,1002.87,22.60
2307,0.04,-0.20,0.97,0.08,-0.12,0.13,-1.06
2308,23785,1002.87,22.60
2309,0.04,-0.20,0.97,0.08,-0.11,0.13,-1.06
2310,23805,1002.87,22.62
2311,0.04,-0.20,0.97,0.08,-0.11,0.13,-1.05
2312,23827,1002.93,22.62
2313,0.04,-0.20,0.97,0.08,-0.12,0.12,-1.06
2314,23847,1002.93,22.62
2315,0.04,-0.20,0.97,0.08,-0.12,0.13,-1.08
2316,23869,1002.93,22.62
2317,0.04,-0.20,0.97,0.08,-0.11,0.14,-1.06
2318,23889,1002.93,22.61
2319,0.04,-0.20,0.97,0.08,-0.10,0.13,-1.04
2320,23911,1002.95,22.61
2321,0.04,-0.20,0.97,0.08,-0.11,0.14,-1.05
2322,23931,1002.95,22.61
2323,0.04,-0.20,0.97,0.08,-0.11,0.12,-1.06
2324,23953,1002.95,22.61
2325,0.04,-0.20,0.97,0.08,-0.11,0.14,-1.06
2326,23973,1002.95,22.63
2327,0.04,-0.20,0.97,0.08,-0.10,0.14,-1.05
2328,23995,1002.97,22.63
2329,0.04,-0.20,0.97,0.08,-0.11,0.13,-1.05
2330,24016,1002.97,22.63
2331,0.04,-0.20,0.97,0.08,-0.12,0.13,-1.07
2332,24037,1002.97,22.60
2333,0.04,-0.20,0.97,0.08,-0.13,0.12,-1.06
2334,24058,1002.97,22.60
2335,0.04,-0.20,0.97,0.08,-0.11,0.13,-1.09
2336,24079,1002.82,22.60
2337,0.04,-0.21,0.97,0.08,-0.10,0.13,-1.05
2338,24100,1002.82,22.60
2339,0.04,-0.21,0.97,0.08,-0.11,0.15,-1.03
2340,24121,1002.82,22.59
2341,0.04,-0.21,0.97,0.08,-0.12,0.13,-1.07
2342,24142,1002.82,22.59
2343,0.04,-0.21,0.97,0.08,-0.12,0.12,-1.07
2344,24163,1002.87,22.59
2345,0.04,-0.21,0.97,0.08,-0.11,0.12,-1.06
2346,24184,1002.87,22.59
2347,0.04,-0.21,0.97,0.08,-0.11,0.14,-1.05
2348,24205,1002.87,22.62
2349,0.04,-0.21,0.97,0.08,-0.11,0.13,-1.05
2350,24226,1002.87,22.62
2351,0.04,-0.21,0.97,0.08,-0.12,0.13,-1.07
2352,24248,1002.93,22.62
2353,0.04,-0.21,0.97,0.08,-0.11,0.13,-1.06
2354,24268,1002.93,22.62
2355,0.04,-0.21,0.97,0.08,-0.12,0.13,-1.05
2356,24290,1002.93,22.64
2357,0.04,-0.21,0.97,0.08,-0.11,0.14,-1.06
2358,24310,1002.99,22.64
2359,0.04,-0.21,0.97,0.08,-0.12,0.12,-1.06
2360,24332,1002.99,22.64
2361,0.04,-0.21,0.97,0.08,-0.11,0.14,-1.06
2362,24352,1002.99,22.64
2363,0.04,-0.21,0.97,0.08,-0.12,0.13,-1.05
2364,24374,1002.99,22.62
2365,0.04,-0.21,0.97,0.08,-0.12,0.13,-1.07
2366,24395,1002.89,22.62
2367,0.04,-0.21,0.97,0.08,-0.11,0.13,-1.06
2368,24416,1002.89,22.62
2369,0.04,-0.21,0.97,0.08,-0.11,0.13,-1.05
2370,24437,1002.89,22.60
2371,0.04,-0.21,0.97,0.08,-0.11,0.14,-1.06
2372,24458,1002.89,22.60
2373,0.04,-0.21,0.97,0.08,-0.12,0.14,-1.06
2374,24479,1002.90,22.60
2375,0.04,-0.21,0.97,0.08,-0.11,0.13,-1.07
2376,24500,1002.90,22.60
2377,0.04,-0.21,0.97,0.08,-0.11,0.13,-1.05
2378,24521,1002.90,22.62
2379,0.04,-0.21,0.97,0.08,-0.11,0.14,-1.06
2380,24542,1002.90,22.62
2381,0.04,-0.21,0.97,0.08,-0.11,0.14,-1.06
2382,24563,1002.91,22.62
2383,0.04,-0.21,0.97,0.08,-0.11,0.13,-1.05
2384,24584,1002.91,22.62
2385,0.04,-0.21,0.97,0.08,-0.12,0.13,-1.06
2386,24605,1002.91,22.63
2387,0.04,-0.21,0.97,0.08,-0.12,0.13,-1.07
2388,24627,1002.91,22.63
2389,0.04,-0.21,0.97,0.08,-0.12,0.13,-1.05
2390,24647,1002.93,22.63
2391,0.04,-0.21,0.97,0.08,-0.11,0.13,-1.05
2392,24669,1002.93,22.63
2393,0.04,-0.21,0.97,0.08,-0.11,0.14,-1.06
2394,24689,1002.93,22.66
2395,0.04,-0.21,0.97,0.08,-0.11,0.13,-1.06
2396,24711,1003.06,22.66
2397,0.04,-0.21,0.97,0.08,-0.12,0.13,-1.06
2398,24731,1003.06,22.66
2399,0.04,-0.21,0.97,0.08,-0.12,0.13,-1.06
2400,24753,1003.06,22.66
2401,0.04,-0.21,0.97,0.08,-0.11,0.14,-1.06
2402,24774,1003.06,22.62
2403,0.04,-0.21,0.97,0.08,-0.11,0.14,-1.05
2404,24795,1002.90,22.62
2405,0.04,-0.21,0.97,0.08,-0.11,0.14,-1.06
2406,24816,1002.90,22.62
2407,0.04,-0.21,0.97,0.08,-0.12,0.12,-1.07
2408,24837,1002.90,22.64
2409,0.04,-0.21,0.97,0.08,-0.11,0.14,-1.06
2410,24858,1002.90,22.64
2411,0.04,-0.21,0.97,0.08,-0.11,0.13,-1.05
2412,24879,1002.97,22.64
2413,0.04,-0.21,0.97,0.08,-0.11,0.14,-1.05
2414,24900,1002.97,22.64
2415,0.04,-0.21,0.97,0.08,-0.12,0.13,-1.06
2416,24921,1002.97,22.60
2417,0.04,-0.21,0.97,0.08,-0.12,0.12,-1.06
2418,24942,1002.97,22.60
2419,0.04,-0.21,0.97,0.08,-0.12,0.13,-1.06
2420,24963,1002.89,22.60
2421,0.04,-0.21,0.97,0.08,-0.11,0.13,-1.05
2422,24984,1002.89,22.60
2423,0.04,-0.21,0.97,0.08,-0.11,0.13,-1.06
2424,25006,1002.89,22.61
2425,0.04,-0.21,0.97,0.08,-0.11,0.13,-1.05
2426,25026,1002.89,22.61
2427,0.04,-0.21,0.97,0.08,-0.11,0.13,-1.07
2428,25048,1002.84,22.61
2429,0.04,-0.21,0.97,0.08,-0.12,0.13,-1.05
2430,25068,1002.84,22.61
2431,0.04,-0.21,0.97,0.08,-0.11,0.14,-1.06
2432,25090,1002.84,22.60
2433,0.04,-0.21,0.97,0.08,-0.11,0.14,-1.06
2434,25110,1002.84,22.60
2435,0.04,-0.21,0.97,0.08,-0.11,0.13,-1.07
2436,25132,1002.90,22.60
2437,0.04,-0.21,0.97,0.08,-0.11,0.13,-1.05
2438,25152,1002.90,22.60
2439,0.04,-0.21,0.97,0.08,-0.11,0.13,-1.04
2440,25174,1002.90,22.63
2441,0.04,-0.21,0.97,0.08,-0.11,0.13,-1.05
2442,25195,1002.93,22.63
2443,0.04,-0.21,0.97,0.08,-0.11,0.13,-1.06
2444,25216,1002.93,22.63
2445,0.04,-0.21,0.97,0.08,-0.11,0.14,-1.05
2446,25237,1002.93,22.63
2447,0.04,-0.21,0.97,0.08,-0.11,0.14,-1.06
2448,25257,1002.93,22.64
2449,0.04,-0.21,0.97,0.08,-0.11,0.14,-1.06
2450,25279,1002.91,22.64
2451,0.04,-0.21,0.97,0.08,-0.12,0.13,-1.06
2452,25299,1002.91,22.64
2453,0.04,-0.21,0.97,0.08,-0.11,0.13,-1.06
2454,25321,1002.91,22.64
2455,0.04,-0.21,0.97,0.08,-0.11,0.13,-1.06
2456,25341,1002.91,22.64
2457,0.04,-0.21,0.97,0.08,-0.10,0.14,-1.06
2458,25363,1002.90,22.64
2459,0.04,-0.21,0.97,0.08,-0.11,0.13,-1.05
2460,25384,1002.90,22.64
2461,0.04,-0.21,0.97,0.08,-0.11,0.13,-1.06
2462,25405,1002.90,22.62
2463,0.04,-0.21,0.97,0.08,-0.11,0.13,-1.07
2464,25426,1002.90,22.62
2465,0.04,-0.21,0.97,0.08,-0.12,0.13,-1.06
2466,25447,1002.94,22.62
2467,0.04,-0.21,0.97,0.08,-0.11,0.13,-1.06
2468,25468,1002.94,22.62
2469,0.04,-0.21,0.97,0.08,-0.11,0.14,-1.05
2470,25489,1002.94,22.62
2471,0.04,-0.21,0.97,0.08,-0.11,0.13,-1.06
2472,25510,1002.94,22.62
2473,0.04,-0.21,0.97,0.08,-0.12,0.13,-1.06
2474,25531,1002.89,22.62
2475,0.04,-0.21,0.97,0.08,-0.11,0.14,-1.06
2476,25552,1002.89,22.62
2477,0.04,-0.21,0.97,0.08,-0.11,0.14,-1.06
2478,25573,1002.89,22.61
2479,0.04,-0.21,0.97,0.08,-0.11,0.13,-1.06
2480,25594,1002.80,22.61
2481,0.04,-0.21,0.97,0.08,-0.11,0.13,-1.06
2482,25616,1002.80,22.61
2483,0.04,-0.21,0.97,0.08,-0.11,0.13,-1.06
2484,25636,1002.80,22.61
2485,0.04,-0.21,0.97,0.08,-0.11,0.13,-1.05
2486,25658,1002.80,22.65
2487,0.04,-0.21,0.97,0.08,-0.12,0.14,-1.06
2488,25678,1002.89,22.65
2489,0.04,-0.21,0.97,0.08,-0.12,0.13,-1.06
2490,25700,1002.89,22.65
2491,0.04,-0.21,0.97,0.08,-0.11,0.13,-1.06
2492,25720,1002.89,22.67
2493,0.04,-0.21,0.97,0.08,-0.11,0.13,-1.05
2494,25742,1002.89,22.67
2495,0.04,-0.21,0.97,0.08,-0.11,0.14,-1.05
2496,25763,1002.97,22.67
2497,0.04,-0.21,0.97,0.08,-0.11,0.13,-1.06
2498,25784,1002.97,22.67
2499,0.04,-0.21,0.97,0.08,-0.11,0.14,-1.06
2500,25805,1002.97,22.66
2501,0.04,-0.21,0.97,0.08,-0.12,0.13,-1.05
2502,25826,1002.97,22.66
2503,0.04,-0.21,0.97,0.08,-0.12,0.13,-1.07
2504,25847,1002.99,22.66
2505,0.04,-0.21,0.97,0.08,-0.11,0.13,-1.06
2506,25868,1002.99,22.66
2507,0.04,-0.21,0.97,0.08,-0.11,0.14,-1.05
2508,25889,1002.99,22.65
2509,0.04,-0.21,0.97,0.08,-0.11,0.14,-1.06
2510,25910,1002.99,22.65
2511,0.04,-0.21,0.97,0.08,-0.11,0.13,-1.06
2512,25931,1002.95,22.65
2513,0.04,-0.21,0.97,0.08,-0.12,0.13,-1.06
2514,25953,1002.95,22.65
2515,0.04,-0.21,0.97,0.08,-0.11,0.13,-1.07
2516,25973,1002.95,22.66
2517,0.04,-0.21,0.97,0.08,-0.11,0.13,-1.05
2518,25995,1002.95,22.66
2519,0.04,-0.21,0.97,0.08,-0.11,0.14,-1.05
2520,26015,1002.96,22.66
2521,0.04,-0.21,0.97,0.08,-0.11,0.13,-1.06
2522,26037,1002.96,22.66
2523,0.04,-0.21,0.97,0.08,-0.11,0.14,-1.06
2524,26057,1002.96,22.67
2525,0.04,-0.21,0.97,0.08,-0.11,0.13,-1.05
2526,26079,1003.00,22.67
2527,0.04,-0.21,0.97,0.08,-0.11,0.13,-1.06
2528,26099,1003.00,22.67
2529,0.04,-0.21,0.97,0.08,-0.12,0.13,-1.06
2530,26121,1003.00,22.67
2531,0.04,-0.21,0.97,0.08,-0.12,0.13,-1.06
2532,26142,1003.00,22.64
2533,0.04,-0.21,0.97,0.08,-0.11,0.13,-1.06
2534,26163,1002.89,22.64
2535,0.04,-0.21,0.97,0.08,-0.11,0.14,-1.05
2536,26184,1002.89,22.64
2537,0.04,-0.21,0.97,0.08,-0.11,0.13,-1.05
2538,26205,1002.89,22.67
2539,0.04,-0.21,0.97,0.08,-0.11,0.14,-1.07
2540,26226,1002.89,22.67
2541,0.04,-0.21,0.97,0.08,-0.12,0.13,-1.06
2542,26247,1002.95,22.67
2543,0.04,-0.21,0.97,0.08,-0.11,0.13,-1.05
2544,26268,1002.95,22.67
2545,0.04,-0.21,0.97,0.08,-0.11,0.13,-1.06
2546,26289,1002.95,22.63
2547,0.04,-0.21,0.97,0.08,-0.11,0.14,-1.06
2548,26310,1002.95,22.63
2549,0.04,-0.21,0.97,0.08,-0.11,0.13,-1.06
2550,26331,1002.88,22.63
2551,0.04,-0.21,0.97,0.08,-0.11,0.14,-1.06
2552,26352,1002.88,22.63
2553,0.04,-0.21,0.97,0.08,-0.11,0.13,-1.06
2554,26374,1002.88,22.65
2555,0.04,-0.21,0.97,0.08,-0.11,0.13,-1.07
2556,26394,1002.88,22.65
2557,0.04,-0.21,0.97,0.08,-0.11,0.13,-1.05
2558,26416,1002.91,22.65
2559,0.04,-0.21,0.97,0.08,-0.11,0.14,-1.05
2560,26436,1002.91,22.65
2561,0.04,-0.21,0.97,0.08,-0.11,0.13,-1.06
2562,26458,1002.91,22.65
2563,0.04,-0.21,0.97,0.08,-0.11,0.12,-1.06
2564,26478,1002.94,22.65
2565,0.04,-0.21,0.97,0.08,-0.11,0.14,-1.05