140,1178,991.04,22.64
153,0.96,0.17,0.17,0.12,-0.07,0.65,-0.84
188,1554,991.13,22.64
189,0.94,0.21,0.21,0.14,-0.07,0.65,-0.83
193,0.94,0.21,0.21,0.15,-0.07,0.64,-0.84
194,1608,991.03,22.64
195,0.94,0.21,0.21,0.15,-0.07,0.64,-0.83
196,1630,991.03,22.66
197,0.94,0.22,0.22,0.15,-0.08,0.65,-0.84
198,1650,991.18,22.66
199,0.94,0.22,0.22,0.15,-0.07,0.64,-0.83
200,1671,991.18,22.66
201,0.94,0.22,0.22,0.15,-0.07,0.65,-0.84
202,1692,991.18,22.66
203,0.93,0.22,0.22,0.16,-0.07,0.65,-0.84
204,1713,991.18,22.67
205,0.93,0.23,0.23,0.16,-0.07,0.65,-0.83
206,1733,991.14,22.67
207,0.93,0.23,0.23,0.16,-0.07,0.65,-0.83
208,1755,991.14,22.67
209,0.93,0.23,0.23,0.16,-0.07,0.65,-0.83
210,1775,991.14,22.68
211,0.93,0.23,0.23,0.16,-0.07,0.65,-0.84
212,1796,991.14,22.68
213,0.93,0.24,0.24,0.17,-0.07,0.65,-0.84
214,1817,991.15,22.68
215,0.92,0.24,0.24,0.17,-0.07,0.65,-0.84
216,1838,991.15,22.68
217,0.92,0.24,0.24,0.17,-0.07,0.65,-0.84
218,1858,991.15,22.62
219,0.92,0.24,0.24,0.17,-0.07,0.65,-0.83
220,1880,991.15,22.62
221,0.92,0.25,0.25,0.17,-0.07,0.65,-0.83
222,1900,991.02,22.62
223,0.92,0.25,0.25,0.17,-0.07,0.65,-0.84
224,1921,991.02,22.62
225,0.92,0.25,0.25,0.18,-0.07,0.65,-0.84
226,1942,991.02,22.66
227,0.91,0.26,0.25,0.18,-0.07,0.64,-0.83
228,1963,991.02,22.66
229,0.91,0.26,0.26,0.18,-0.07,0.65,-0.84
230,1983,991.11,22.66
231,0.91,0.26,0.26,0.18,-0.07,0.65,-0.83
232,2004,991.11,22.66
233,0.91,0.26,0.26,0.18,-0.07,0.65,-0.83
234,2025,991.11,22.68
235,0.91,0.27,0.26,0.19,-0.07,0.65,-0.83
236,2045,991.11,22.68
237,0.90,0.27,0.27,0.19,-0.08,0.65,-0.83
238,2067,991.18,22.68
239,0.90,0.27,0.27,0.19,-0.07,0.65,-0.83
240,2087,991.18,22.68
241,0.90,0.27,0.27,0.19,-0.07,0.64,-0.83
242,2108,991.18,22.65
243,0.90,0.28,0.27,0.19,-0.07,0.64,-0.84
244,2129,991.12,22.65
245,0.90,0.28,0.28,0.19,-0.07,0.65,-0.83
246,2150,991.12,22.65
247,0.90,0.28,0.28,0.20,-0.07,0.65,-0.84
248,2171,991.12,22.65
249,0.89,0.28,0.28,0.20,-0.07,0.65,-0.84
250,2192,991.12,22.68
251,0.89,0.29,0.28,0.20,-0.07,0.65,-0.83
252,2212,991.21,22.68
253,0.89,0.29,0.29,0.20,-0.07,0.65,-0.83
254,2234,991.21,22.68
255,0.89,0.29,0.29,0.20,-0.07,0.65,-0.84
256,2254,991.21,22.68
257,0.89,0.29,0.29,0.20,-0.08,0.65,-0.84
258,2275,991.21,22.66
259,0.88,0.30,0.29,0.21,-0.07,0.65,-0.84
260,2296,991.13,22.66
261,0.88,0.30,0.30,0.21,-0.07,0.65,-0.84
262,2317,991.13,22.66
263,0.88,0.30,0.30,0.21,-0.07,0.65,-0.83
264,2338,991.13,22.69
265,0.88,0.30,0.30,0.21,-0.07,0.65,-0.83
266,2359,991.13,22.69
267,0.88,0.31,0.30,0.21,-0.07,0.65,-0.84
268,2379,991.16,22.69
269,0.87,0.31,0.30,0.21,-0.07,0.64,-0.83
270,2401,991.16,22.69
271,0.87,0.31,0.31,0.22,-0.07,0.65,-0.83
272,2421,991.16,22.66
273,0.87,0.31,0.31,0.22,-0.07,0.65,-0.84
274,2442,991.16,22.66
275,0.87,0.32,0.31,0.22,-0.08,0.65,-0.84
276,2463,991.09,22.66
277,0.86,0.32,0.31,0.22,-0.07,0.65,-0.83
278,2484,991.09,22.66
279,0.86,0.32,0.32,0.22,-0.07,0.65,-0.84
280,2504,991.09,22.64
281,0.86,0.32,0.32,0.22,-0.07,0.65,-0.84
282,2526,991.09,22.64
283,0.86,0.33,0.32,0.22,-0.07,0.64,-0.84
284,2546,991.06,22.64
285,0.86,0.33,0.32,0.23,-0.07,0.64,-0.84
286,2567,991.06,22.64
287,0.85,0.33,0.32,0.23,-0.07,0.65,-0.83
288,2588,991.06,22.64
289,0.85,0.33,0.33,0.23,-0.07,0.65,-0.83
290,2609,991.06,22.64
291,0.85,0.34,0.33,0.23,-0.07,0.65,-0.83
292,2629,991.08,22.64
293,0.85,0.34,0.33,0.23,-0.07,0.64,-0.83
294,2651,991.08,22.64
295,0.85,0.34,0.33,0.23,-0.07,0.65,-0.84
296,2671,991.08,22.66
297,0.84,0.34,0.33,0.24,-0.07,0.64,-0.83
298,2692,991.06,22.66
299,0.84,0.35,0.34,0.24,-0.07,0.65,-0.83
300,2713,991.06,22.66
301,0.84,0.35,0.34,0.24,-0.08,0.65,-0.84
302,2734,991.06,22.66
303,0.84,0.35,0.34,0.24,-0.07,0.65,-0.84
304,2754,991.06,22.65
305,0.83,0.35,0.34,0.24,-0.07,0.65,-0.83
306,2776,991.03,22.65
307,0.83,0.36,0.35,0.24,-0.07,0.65,-0.83
308,2796,991.03,22.65
309,0.83,0.36,0.35,0.24,-0.07,0.64,-0.83
310,2817,991.03,22.65
311,0.83,0.36,0.35,0.25,-0.07,0.65,-0.84
312,2837,991.03,22.66
313,0.82,0.36,0.35,0.25,-0.07,0.65,-0.84
314,2859,991.12,22.66
315,0.82,0.37,0.35,0.25,-0.07,0.65,-0.84
316,2879,991.12,22.66
317,0.82,0.37,0.36,0.25,-0.07,0.65,-0.83
318,2899,991.12,22.68
319,0.82,0.37,0.36,0.25,-0.07,0.65,-0.84
320,2921,991.12,22.68
321,0.82,0.37,0.36,0.25,-0.07,0.65,-0.84
322,2941,991.18,22.68
323,0.81,0.38,0.36,0.25,-0.07,0.65,-0.84
324,2962,991.18,22.68
325,0.81,0.38,0.36,0.26,-0.07,0.65,-0.83
326,2983,991.18,22.68
327,0.81,0.38,0.37,0.26,-0.07,0.64,-0.83
328,3004,991.18,22.68
329,0.81,0.38,0.37,0.26,-0.07,0.65,-0.84
330,3024,991.21,22.68
331,0.80,0.38,0.37,0.26,-0.07,0.65,-0.84
332,3046,991.21,22.68
333,0.80,0.39,0.37,0.26,-0.07,0.65,-0.84
334,3066,991.21,22.67
335,0.80,0.39,0.37,0.26,-0.07,0.65,-0.84
336,3087,991.21,22.67
337,0.80,0.39,0.37,0.26,-0.07,0.65,-0.83
338,3108,991.15,22.67
339,0.79,0.39,0.38,0.26,-0.07,0.65,-0.83
340,3129,991.15,22.67
341,0.79,0.40,0.38,0.27,-0.07,0.64,-0.83
342,3149,991.15,22.62
343,0.79,0.40,0.38,0.27,-0.07,0.65,-0.83
344,3171,991.15,22.62
345,0.79,0.40,0.38,0.27,-0.07,0.65,-0.84
346,3191,991.02,22.62
347,0.78,0.40,0.38,0.27,-0.07,0.65,-0.83
348,3212,991.02,22.62
349,0.78,0.41,0.39,0.27,-0.07,0.65,-0.84
350,3232,991.02,22.66
351,0.78,0.41,0.39,0.27,-0.07,0.65,-0.84
352,3254,991.11,22.66
353,0.78,0.41,0.39,0.27,-0.07,0.65,-0.83
354,3274,991.11,22.66
355,0.77,0.41,0.39,0.27,-0.07,0.65,-0.84
356,3295,991.11,22.66
357,0.77,0.41,0.39,0.28,-0.08,0.65,-0.84
358,3316,991.11,22.63
359,0.77,0.42,0.39,0.28,-0.07,0.65,-0.83
360,3337,991.04,22.63
361,0.77,0.42,0.40,0.28,-0.07,0.65,-0.83
362,3357,991.04,22.63
363,0.76,0.42,0.40,0.28,-0.07,0.65,-0.84
364,3379,991.04,22.63
365,0.76,0.42,0.40,0.28,-0.07,0.64,-0.84
366,3399,991.04,22.64
367,0.76,0.43,0.40,0.28,-0.07,0.65,-0.84
368,3420,991.04,22.64
369,0.76,0.43,0.40,0.28,-0.08,0.65,-0.83
370,3441,991.04,22.64
371,0.75,0.43,0.40,0.28,-0.07,0.65,-0.83
372,3462,991.04,22.64
373,0.75,0.43,0.41,0.29,-0.08,0.65,-0.83
374,3482,991.04,22.64
375,0.75,0.43,0.41,0.29,-0.07,0.65,-0.84
376,3504,991.01,22.64
377,0.74,0.44,0.41,0.29,-0.07,0.65,-0.84
378,3524,991.01,22.64
379,0.74,0.44,0.41,0.29,-0.08,0.64,-0.84
380,3545,991.01,22.65
381,0.74,0.44,0.41,0.29,-0.07,0.65,-0.83
382,3566,991.01,22.65
383,0.74,0.44,0.41,0.29,-0.07,0.65,-0.83
384,3587,991.04,22.65
385,0.73,0.45,0.42,0.29,-0.07,0.65,-0.84
386,3607,991.04,22.65
387,0.73,0.45,0.42,0.29,-0.07,0.64,-0.83
388,3629,991.04,22.64
389,0.73,0.45,0.42,0.29,-0.07,0.65,-0.84
390,3649,991.04,22.64
391,0.73,0.45,0.42,0.29,-0.07,0.65,-0.84
392,3670,991.01,22.64
393,0.72,0.45,0.42,0.30,-0.07,0.65,-0.83
394,3690,991.01,22.64
395,0.72,0.46,0.42,0.30,-0.07,0.65,-0.83
396,3712,991.01,22.63
397,0.72,0.46,0.43,0.30,-0.07,0.65,-0.83
398,3732,991.01,22.63
399,0.72,0.46,0.43,0.30,-0.07,0.65,-0.84
400,3752,991.02,22.63
401,0.71,0.46,0.43,0.30,-0.08,0.65,-0.83
402,3774,991.02,22.63
403,0.71,0.46,0.43,0.30,-0.07,0.65,-0.84
404,3794,991.02,22.67
405,0.71,0.47,0.43,0.30,-0.07,0.64,-0.84
406,3815,991.11,22.67
407,0.71,0.47,0.43,0.30,-0.07,0.65,-0.84
408,3835,991.11,22.67
409,0.70,0.47,0.44,0.30,-0.07,0.65,-0.84
410,3857,991.11,22.67
411,0.70,0.47,0.44,0.30,-0.07,0.65,-0.84
412,3877,991.11,22.66
413,0.70,0.48,0.44,0.30,-0.07,0.65,-0.84
414,3898,991.16,22.66
415,0.69,0.48,0.44,0.31,-0.08,0.65,-0.84
416,3919,991.16,22.66
417,0.69,0.48,0.44,0.31,-0.07,0.65,-0.84
418,3940,991.16,22.66
419,0.69,0.48,0.44,0.31,-0.07,0.65,-0.84
420,3960,991.16,22.64
421,0.69,0.48,0.44,0.31,-0.07,0.65,-0.84
422,3981,991.06,22.64
423,0.68,0.49,0.45,0.31,-0.07,0.65,-0.84
424,4002,991.06,22.64
425,0.68,0.49,0.45,0.31,-0.07,0.65,-0.83
426,4023,991.06,22.65
427,0.68,0.49,0.45,0.31,-0.07,0.65,-0.83
428,4043,991.06,22.65
429,0.68,0.49,0.45,0.31,-0.07,0.65,-0.83
430,4064,991.10,22.65
431,0.67,0.49,0.45,0.31,-0.07,0.65,-0.83
432,4085,991.10,22.65
433,0.67,0.50,0.45,0.31,-0.07,0.64,-0.83
434,4106,991.10,22.65
435,0.67,0.50,0.45,0.31,-0.07,0.65,-0.84
436,4126,991.10,22.65
437,0.66,0.50,0.46,0.31,-0.07,0.65,-0.83
438,4147,991.09,22.65
439,0.66,0.50,0.46,0.32,-0.07,0.65,-0.83
440,4168,991.09,22.65
441,0.66,0.50,0.46,0.32,-0.07,0.65,-0.83
442,4189,991.09,22.66
443,0.66,0.51,0.46,0.32,-0.07,0.65,-0.84
444,4209,991.09,22.66
445,0.65,0.51,0.46,0.32,-0.07,0.64,-0.84
446,4231,991.07,22.66
447,0.65,0.51,0.46,0.32,-0.07,0.65,-0.83
448,4251,991.07,22.66
449,0.65,0.51,0.46,0.32,-0.08,0.65,-0.83
450,4272,991.07,22.66
451,0.64,0.51,0.46,0.32,-0.07,0.65,-0.83
452,4293,991.07,22.66
453,0.64,0.51,0.47,0.32,-0.07,0.65,-0.83
454,4314,991.07,22.66
455,0.64,0.52,0.47,0.32,-0.07,0.65,-0.84
456,4334,991.07,22.66
457,0.64,0.52,0.47,0.32,-0.07,0.65,-0.83
458,4355,991.07,22.64
459,0.63,0.52,0.47,0.32,-0.07,0.65,-0.83
460,4376,991.07,22.64
461,0.63,0.52,0.47,0.32,-0.07,0.65,-0.83
462,4397,991.06,22.64
463,0.63,0.52,0.47,0.32,-0.07,0.65,-0.84
464,4417,991.06,22.64
465,0.63,0.53,0.47,0.32,-0.07,0.64,-0.84
466,4439,991.06,22.64
467,0.62,0.53,0.47,0.32,-0.07,0.64,-0.84
468,4459,991.07,22.64
469,0.62,0.53,0.48,0.32,-0.07,0.65,-0.83
470,4480,991.07,22.64
471,0.62,0.53,0.48,0.32,-0.07,0.65,-0.83
472,4501,991.07,22.64
473,0.61,0.53,0.48,0.33,-0.07,0.65,-0.83
474,4521,991.07,22.67
475,0.61,0.54,0.48,0.33,-0.07,0.65,-0.83
476,4542,991.11,22.67
477,0.61,0.54,0.48,0.33,-0.07,0.65,-0.83
478,4563,991.11,22.67
479,0.61,0.54,0.48,0.33,-0.07,0.65,-0.83
480,4584,991.11,22.67
481,0.60,0.54,0.48,0.33,-0.07,0.65,-0.83
482,4604,991.11,22.64
483,0.60,0.54,0.48,0.33,-0.07,0.65,-0.83
484,4626,990.99,22.64
485,0.60,0.54,0.49,0.33,-0.08,0.64,-0.83
486,4646,990.99,22.64
487,0.59,0.55,0.49,0.33,-0.07,0.65,-0.84
488,4667,990.99,22.66
489,0.59,0.55,0.49,0.33,-0.07,0.64,-0.84
490,4688,990.99,22.66
491,0.59,0.55,0.49,0.33,-0.07,0.65,-0.83
492,4709,991.06,22.66
493,0.59,0.55,0.49,0.33,-0.07,0.65,-0.83
494,4729,991.06,22.66
495,0.58,0.55,0.49,0.33,-0.07,0.65,-0.83
496,4751,991.06,22.65
497,0.58,0.56,0.49,0.33,-0.07,0.65,-0.83
498,4771,991.06,22.65
499,0.58,0.56,0.49,0.33,-0.07,0.65,-0.83
500,4792,991.04,22.65
501,0.57,0.56,0.49,0.33,-0.07,0.65,-0.83
502,4813,991.04,22.65
503,0.57,0.56,0.50,0.33,-0.07,0.65,-0.83
504,4834,991.04,22.65
505,0.57,0.56,0.50,0.33,-0.07,0.65,-0.83
506,4854,991.04,22.65
507,0.57,0.56,0.50,0.33,-0.08,0.65,-0.83
508,4876,991.07,22.65
509,0.56,0.57,0.50,0.33,-0.08,0.65,-0.83
510,4896,991.07,22.65
511,0.56,0.57,0.50,0.33,-0.07,0.65,-0.83
512,4917,991.07,22.66
513,0.56,0.57,0.50,0.33,-0.07,0.65,-0.84
514,4938,991.07,22.66
515,0.56,0.57,0.50,0.33,-0.07,0.65,-0.83
516,4959,991.08,22.66
517,0.55,0.57,0.50,0.33,-0.07,0.64,-0.84
518,4979,991.08,22.66
519,0.55,0.57,0.50,0.33,-0.07,0.65,-0.83
520,5001,991.08,22.65
521,0.55,0.58,0.50,0.33,-0.07,0.65,-0.83
522,5021,991.07,22.65
523,0.54,0.58,0.51,0.33,-0.07,0.65,-0.84
524,5042,991.07,22.65
525,0.54,0.58,0.51,0.33,-0.07,0.65,-0.83
526,5063,991.07,22.65
527,0.54,0.58,0.51,0.33,-0.07,0.65,-0.83
528,5084,991.07,22.64
529,0.54,0.58,0.51,0.33,-0.07,0.65,-0.83
530,5105,991.00,22.64
531,0.53,0.58,0.51,0.33,-0.07,0.64,-0.83
532,5126,991.00,22.64
533,0.53,0.59,0.51,0.33,-0.07,0.65,-0.83
534,5146,991.00,22.64
535,0.53,0.59,0.51,0.33,-0.07,0.65,-0.83
536,5168,991.00,22.64
537,0.52,0.59,0.51,0.33,-0.07,0.65,-0.83
538,5188,991.04,22.64
539,0.52,0.59,0.51,0.33,-0.07,0.65,-0.84
540,5209,991.04,22.64
541,0.52,0.59,0.51,0.33,-0.07,0.65,-0.84
542,5230,991.04,22.67
543,0.52,0.59,0.52,0.33,-0.07,0.65,-0.83
544,5251,991.04,22.67
545,0.51,0.60,0.52,0.33,-0.07,0.64,-0.84
546,5272,991.09,22.67
547,0.51,0.60,0.52,0.33,-0.07,0.65,-0.84
548,5293,991.09,22.67
549,0.51,0.60,0.52,0.33,-0.07,0.65,-0.83
550,5313,991.09,22.65
551,0.51,0.60,0.52,0.33,-0.07,0.65,-0.83
552,5335,991.09,22.65
553,0.50,0.60,0.52,0.33,-0.07,0.64,-0.83
554,5355,991.03,22.65
555,0.50,0.60,0.52,0.33,-0.08,0.64,-0.84
556,5376,991.03,22.65
557,0.50,0.60,0.52,0.33,-0.07,0.65,-0.83
558,5397,991.03,22.65
559,0.50,0.61,0.52,0.33,-0.07,0.65,-0.83
560,5417,991.03,22.65
561,0.49,0.61,0.52,0.33,-0.07,0.65,-0.84
562,5438,991.03,22.65
563,0.49,0.61,0.52,0.33,-0.07,0.65,-0.83
564,5459,991.03,22.65
565,0.49,0.61,0.52,0.33,-0.07,0.65,-0.83
566,5480,991.03,22.64
567,0.48,0.61,0.53,0.33,-0.07,0.65,-0.83
568,5500,991.03,22.64
569,0.48,0.61,0.53,0.33,-0.07,0.65,-0.83
570,5522,990.98,22.64
571,0.48,0.61,0.53,0.33,-0.07,0.65,-0.83
572,5542,990.98,22.64
573,0.48,0.62,0.53,0.33,-0.07,0.65,-0.84
574,5563,990.98,22.63
575,0.47,0.62,0.53,0.33,-0.07,0.65,-0.83
576,5584,991.05,22.63
577,0.47,0.62,0.53,0.33,-0.07,0.65,-0.84
578,5605,991.05,22.63
579,0.47,0.62,0.53,0.33,-0.07,0.65,-0.84
580,5625,991.05,22.63
581,0.47,0.62,0.53,0.33,-0.07,0.64,-0.83
582,5647,991.05,22.64
583,0.46,0.62,0.53,0.33,-0.07,0.65,-0.83
584,5667,991.05,22.64
585,0.46,0.62,0.53,0.33,-0.07,0.65,-0.83
586,5688,991.05,22.64
587,0.46,0.63,0.53,0.33,-0.07,0.65,-0.84
588,5709,991.05,22.63
589,0.46,0.63,0.53,0.33,-0.07,0.65,-0.83
590,5730,991.05,22.63
591,0.45,0.63,0.53,0.33,-0.07,0.65,-0.84
592,5751,991.04,22.63
593,0.45,0.63,0.54,0.33,-0.07,0.64,-0.83
594,5772,991.04,22.63
595,0.45,0.63,0.54,0.33,-0.08,0.65,-0.83
596,5792,991.04,22.65
597,0.45,0.63,0.54,0.33,-0.08,0.65,-0.84
598,5814,991.04,22.65
599,0.44,0.63,0.54,0.33,-0.07,0.64,-0.83
600,5834,991.10,22.65
601,0.44,0.63,0.54,0.33,-0.07,0.64,-0.84
602,5855,991.10,22.65
603,0.44,0.64,0.54,0.33,-0.07,0.64,-0.83
604,5876,991.10,22.66
605,0.44,0.64,0.54,0.33,-0.07,0.64,-0.83
606,5897,991.10,22.66
607,0.43,0.64,0.54,0.33,-0.07,0.65,-0.84
608,5917,991.11,22.66
609,0.43,0.64,0.54,0.33,-0.07,0.65,-0.84
610,5939,991.11,22.66
611,0.43,0.64,0.54,0.33,-0.07,0.65,-0.83
612,5959,991.11,22.65
613,0.43,0.64,0.54,0.33,-0.07,0.65,-0.83
614,5980,991.11,22.65
615,0.42,0.64,0.54,0.33,-0.07,0.64,-0.84
616,6001,991.05,22.65
617,0.42,0.64,0.54,0.33,-0.07,0.65,-0.84
618,6022,991.05,22.65
619,0.42,0.65,0.54,0.33,-0.07,0.65,-0.84
620,6042,991.05,22.65
621,0.42,0.65,0.55,0.33,-0.08,0.65,-0.83
622,6064,991.05,22.65
623,0.41,0.65,0.55,0.33,-0.07,0.65,-0.84
624,6084,991.08,22.65
625,0.41,0.65,0.55,0.33,-0.07,0.65,-0.83
626,6105,991.08,22.65
627,0.41,0.65,0.55,0.33,-0.07,0.65,-0.83
628,6126,991.08,22.64
629,0.41,0.65,0.55,0.33,-0.08,0.65,-0.84
630,6147,991.05,22.64
631,0.41,0.65,0.55,0.33,-0.07,0.65,-0.84
632,6167,991.05,22.64
633,0.40,0.65,0.55,0.32,-0.07,0.65,-0.83
634,6189,991.05,22.64
635,0.40,0.65,0.55,0.32,-0.07,0.65,-0.83
636,6209,991.05,22.66
637,0.40,0.66,0.55,0.32,-0.07,0.65,-0.83
638,6230,991.09,22.66
639,0.40,0.66,0.55,0.32,-0.07,0.65,-0.83
640,6251,991.09,22.66
641,0.39,0.66,0.55,0.32,-0.07,0.65,-0.84
642,6272,991.09,22.66
643,0.39,0.66,0.55,0.32,-0.07,0.65,-0.83
644,6292,991.09,22.66
645,0.39,0.66,0.55,0.32,-0.07,0.65,-0.84
646,6313,991.08,22.66
647,0.39,0.66,0.55,0.32,-0.08,0.65,-0.83
648,6334,991.08,22.66
649,0.39,0.66,0.55,0.32,-0.07,0.65,-0.83
650,6354,991.08,22.70
651,0.38,0.66,0.55,0.32,-0.07,0.65,-0.83
652,6376,991.08,22.70
653,0.38,0.66,0.55,0.32,-0.07,0.65,-0.83
654,6396,991.22,22.70
655,0.38,0.67,0.56,0.32,-0.07,0.65,-0.83
656,6417,991.22,22.70
657,0.38,0.67,0.56,0.32,-0.07,0.65,-0.83
658,6438,991.22,22.67
659,0.37,0.67,0.56,0.32,-0.07,0.65,-0.83
660,6459,991.22,22.67
661,0.37,0.67,0.56,0.32,-0.07,0.65,-0.83
662,6479,991.13,22.67
663,0.37,0.67,0.56,0.32,-0.07,0.65,-0.83
664,6501,991.13,22.67
665,0.37,0.67,0.56,0.32,-0.07,0.65,-0.84
666,6521,991.13,22.69
667,0.37,0.67,0.56,0.32,-0.07,0.65,-0.84
668,6542,991.13,22.69
669,0.36,0.67,0.56,0.32,-0.07,0.64,-0.83
670,6563,991.19,22.69
671,0.36,0.67,0.56,0.32,-0.07,0.65,-0.83
672,6584,991.19,22.69
673,0.36,0.67,0.56,0.32,-0.07,0.65,-0.83
674,6605,991.19,22.64
675,0.36,0.67,0.56,0.31,-0.07,0.65,-0.83
676,6626,991.01,22.64
677,0.36,0.68,0.56,0.31,-0.08,0.65,-0.84
678,6646,991.06,22.64
679,0.36,0.68,0.56,0.31,-0.07,0.65,-0.83
680,6668,991.06,22.64
681,0.35,0.68,0.56,0.31,-0.07,0.64,-0.83
682,6688,991.06,22.66
683,0.35,0.68,0.56,0.31,-0.07,0.65,-0.84
684,6709,991.05,22.66
685,0.35,0.68,0.56,0.31,-0.07,0.65,-0.83
686,6730,991.05,22.66
687,0.35,0.68,0.56,0.31,-0.07,0.65,-0.83
688,6751,991.05,22.66
689,0.35,0.68,0.56,0.31,-0.07,0.65,-0.83
690,6771,991.05,22.63
691,0.34,0.68,0.56,0.31,-0.07,0.65,-0.84
692,6793,990.93,22.63
693,0.34,0.68,0.56,0.31,-0.08,0.65,-0.83
694,6813,990.93,22.63
695,0.34,0.68,0.56,0.31,-0.07,0.65,-0.84
696,6834,990.93,22.65
697,0.34,0.68,0.57,0.31,-0.08,0.65,-0.84
698,6855,990.93,22.65
699,0.34,0.68,0.57,0.31,-0.07,0.65,-0.83
700,6876,991.03,22.65
701,0.34,0.68,0.57,0.31,-0.07,0.64,-0.84
702,6896,991.03,22.65
703,0.33,0.69,0.57,0.31,-0.07,0.65,-0.83
704,6918,991.03,22.68
705,0.33,0.69,0.57,0.31,-0.07,0.65,-0.83
706,6938,991.03,22.68
707,0.33,0.69,0.57,0.31,-0.07,0.65,-0.83
708,6959,991.07,22.68
709,0.33,0.69,0.57,0.31,-0.07,0.64,-0.83
710,6980,991.07,22.68
711,0.33,0.69,0.57,0.30,-0.07,0.65,-0.83
712,7001,991.07,22.69
713,0.33,0.69,0.57,0.30,-0.07,0.65,-0.83
714,7022,991.07,22.69
715,0.33,0.69,0.57,0.30,-0.07,0.65,-0.83
716,7043,991.09,22.69
717,0.32,0.69,0.57,0.30,-0.07,0.65,-0.83
718,7063,991.09,22.69
719,0.32,0.69,0.57,0.30,-0.07,0.64,-0.83
720,7085,991.09,22.66
721,0.32,0.69,0.57,0.30,-0.07,0.65,-0.83
722,7105,991.09,22.66
723,0.32,0.69,0.57,0.30,-0.07,0.65,-0.83
724,7126,990.95,22.66
725,0.32,0.69,0.57,0.30,-0.07,0.65,-0.84
726,7147,990.95,22.66
727,0.32,0.69,0.57,0.30,-0.07,0.65,-0.83
728,7168,990.95,22.71
729,0.32,0.69,0.57,0.30,-0.07,0.65,-0.83
730,7188,991.13,22.71
731,0.31,0.69,0.57,0.30,-0.07,0.65,-0.83
732,7209,991.13,22.71
733,0.31,0.69,0.57,0.30,-0.07,0.65,-0.84
734,7230,991.13,22.71
735,0.31,0.70,0.57,0.30,-0.07,0.65,-0.84
736,7251,991.13,22.65
737,0.31,0.70,0.57,0.30,-0.07,0.65,-0.84
738,7272,991.12,22.65
739,0.31,0.70,0.57,0.30,-0.07,0.65,-0.84
740,7292,991.12,22.65
741,0.31,0.70,0.57,0.30,-0.07,0.65,-0.84
742,7314,991.12,22.65
743,0.31,0.70,0.57,0.30,-0.07,0.65,-0.83
744,7334,991.12,22.67
745,0.31,0.70,0.57,0.30,-0.07,0.65,-0.83
746,7355,991.26,22.67
747,0.30,0.70,0.57,0.29,-0.07,0.65,-0.83
748,7376,991.26,22.67
749,0.30,0.70,0.57,0.29,-0.07,0.65,-0.83
750,7397,991.26,22.66
751,0.30,0.70,0.57,0.29,-0.07,0.65,-0.83
752,7418,991.26,22.66
753,0.30,0.70,0.58,0.29,-0.07,0.65,-0.83
754,7439,991.24,22.66
755,0.30,0.70,0.58,0.29,-0.07,0.65,-0.83
756,7459,991.24,22.66
757,0.30,0.70,0.58,0.29,-0.07,0.65,-0.83
758,7481,991.24,22.62
759,0.30,0.70,0.58,0.29,-0.07,0.65,-0.84
760,7501,991.24,22.62
761,0.30,0.70,0.58,0.29,-0.07,0.64,-0.83
762,7523,991.22,22.62
763,0.30,0.70,0.58,0.29,-0.07,0.65,-0.84
764,7543,991.22,22.62
765,0.29,0.70,0.58,0.29,-0.07,0.65,-0.84
766,7564,991.22,22.65
767,0.29,0.70,0.58,0.29,-0.07,0.65,-0.83
768,7585,991.22,22.65
769,0.29,0.70,0.58,0.29,-0.07,0.65,-0.83
770,7606,991.30,22.65
771,0.29,0.70,0.58,0.29,-0.07,0.65,-0.83
772,7626,991.30,22.65
773,0.29,0.70,0.58,0.29,-0.07,0.65,-0.83
774,7648,991.30,22.66
775,0.29,0.70,0.58,0.29,-0.07,0.65,-0.83
776,7668,991.30,22.66
777,0.29,0.70,0.58,0.29,-0.07,0.65,-0.83
778,7690,991.29,22.66
779,0.29,0.70,0.58,0.29,-0.07,0.65,-0.84
780,7710,991.29,22.66
781,0.29,0.71,0.58,0.29,-0.07,0.65,-0.83
782,7731,991.29,22.70
783,0.29,0.71,0.58,0.29,-0.07,0.65,-0.84
784,7752,991.40,22.70
785,0.29,0.71,0.58,0.29,-0.07,0.65,-0.84
786,7773,991.40,22.70
787,0.28,0.71,0.58,0.29,-0.07,0.65,-0.84
788,7794,991.40,22.70
789,0.28,0.71,0.58,0.29,-0.08,0.65,-0.83
790,7815,991.40,22.68
791,0.28,0.71,0.58,0.28,-0.07,0.65,-0.83
792,7835,991.34,22.68
793,0.28,0.71,0.58,0.28,-0.07,0.65,-0.83
794,7857,991.34,22.68
795,0.28,0.71,0.58,0.28,-0.07,0.64,-0.83
796,7877,991.34,22.68
797,0.28,0.71,0.58,0.28,-0.07,0.65,-0.83
798,7899,991.34,22.67
799,0.28,0.71,0.58,0.28,-0.07,0.65,-0.83
800,7919,991.29,22.67
801,0.28,0.71,0.58,0.28,-0.07,0.65,-0.84
802,7940,991.29,22.67
803,0.28,0.71,0.58,0.28,-0.07,0.65,-0.83
804,7961,991.29,22.67
805,0.28,0.71,0.58,0.28,-0.07,0.65,-0.83
806,7982,991.29,22.67
807,0.28,0.71,0.58,0.28,-0.07,0.64,-0.83
808,8003,991.33,22.67
809,0.28,0.71,0.58,0.28,-0.07,0.65,-0.83
810,8024,991.33,22.67
811,0.28,0.71,0.58,0.28,-0.07,0.64,-0.84
812,8044,991.33,22.67
813,0.28,0.71,0.58,0.28,-0.07,0.65,-0.83
814,8066,991.33,22.67
815,0.28,0.71,0.58,0.28,-0.07,0.65,-0.83
816,8086,991.30,22.67
817,0.28,0.71,0.58,0.28,-0.07,0.65,-0.83
818,8107,991.30,22.67
819,0.27,0.71,0.58,0.28,-0.07,0.64,-0.84
820,8128,991.30,22.67
821,0.27,0.71,0.58,0.28,-0.07,0.65,-0.83
822,8148,991.30,22.67
823,0.27,0.71,0.58,0.28,-0.07,0.65,-0.83
824,8170,991.32,22.67
825,0.27,0.71,0.58,0.28,-0.07,0.65,-0.84
826,8190,991.32,22.67
827,0.27,0.71,0.58,0.28,-0.07,0.65,-0.83
828,8211,991.32,22.67
829,0.27,0.71,0.58,0.28,-0.07,0.65,-0.83
830,8232,991.32,22.67
831,0.27,0.71,0.58,0.28,-0.07,0.65,-0.83
832,8253,991.33,22.67
833,0.27,0.71,0.58,0.28,-0.07,0.64,-0.84
834,8273,991.33,22.67
835,0.27,0.71,0.58,0.28,-0.08,0.65,-0.84
836,8295,991.33,22.65
837,0.27,0.71,0.58,0.28,-0.07,0.65,-0.83
838,8315,991.28,22.65
839,0.27,0.71,0.58,0.28,-0.07,0.65,-0.83
840,8337,991.28,22.65
841,0.27,0.71,0.58,0.28,-0.07,0.65,-0.84
842,8357,991.28,22.65
843,0.27,0.71,0.58,0.28,-0.07,0.65,-0.83
844,8378,991.28,22.64
845,0.27,0.71,0.58,0.28,-0.07,0.65,-0.83
846,8399,991.19,22.64
847,0.27,0.71,0.58,0.28,-0.07,0.65,-0.84
848,8420,991.19,22.64
849,0.27,0.71,0.58,0.28,-0.07,0.65,-0.83
850,8440,991.19,22.65
851,0.27,0.71,0.58,0.28,-0.07,0.64,-0.83
852,8462,991.19,22.65
853,0.27,0.71,0.58,0.28,-0.07,0.65,-0.83
854,8482,991.30,22.65
855,0.27,0.71,0.59,0.28,-0.07,0.65,-0.84
856,8503,991.30,22.65
857,0.27,0.71,0.59,0.28,-0.07,0.65,-0.83
858,8524,991.30,22.64
859,0.27,0.71,0.59,0.28,-0.07,0.65,-0.83
860,8545,991.30,22.64
861,0.27,0.71,0.59,0.28,-0.07,0.65,-0.83
862,8566,991.23,22.64
863,0.27,0.71,0.59,0.28,-0.08,0.65,-0.83
864,8587,991.23,22.64
865,0.27,0.71,0.59,0.28,-0.07,0.65,-0.83
866,8607,991.23,22.67
867,0.27,0.71,0.59,0.28,-0.07,0.65,-0.84
868,8629,991.23,22.67
869,0.26,0.71,0.59,0.28,-0.07,0.65,-0.83
870,8649,991.34,22.67
871,0.26,0.71,0.59,0.27,-0.07,0.65,-0.83
872,8670,991.34,22.67
873,0.26,0.71,0.59,0.27,-0.07,0.65,-0.84
874,8691,991.34,22.65
875,0.26,0.71,0.59,0.27,-0.07,0.65,-0.83
876,8712,991.34,22.65
877,0.26,0.71,0.59,0.27,-0.07,0.65,-0.83
878,8732,991.23,22.65
879,0.26,0.71,0.59,0.27,-0.07,0.65,-0.83
880,8754,991.23,22.65
881,0.26,0.71,0.59,0.27,-0.07,0.65,-0.83
882,8774,991.23,22.65
883,0.26,0.71,0.59,0.27,-0.07,0.65,-0.84
884,8796,991.26,22.65
885,0.26,0.71,0.59,0.27,-0.08,0.65,-0.83
886,8816,991.26,22.65
887,0.26,0.71,0.59,0.27,-0.08,0.65,-0.83
888,8837,991.26,22.65
889,0.26,0.71,0.59,0.27,-0.07,0.65,-0.83
890,8858,991.26,22.67
891,0.26,0.71,0.59,0.27,-0.07,0.64,-0.84
892,8879,991.34,22.67
893,0.26,0.71,0.59,0.27,-0.07,0.65,-0.84
894,8899,991.34,22.67
895,0.26,0.71,0.59,0.27,-0.07,0.64,-0.84
896,8921,991.34,22.67
897,0.26,0.71,0.59,0.27,-0.07,0.65,-0.83
898,8941,991.34,22.68
899,0.26,0.71,0.59,0.27,-0.07,0.65,-0.83
900,8963,991.35,22.68
901,0.26,0.71,0.59,0.27,-0.07,0.65,-0.84
902,8983,991.35,22.68
903,0.26,0.71,0.59,0.27,-0.07,0.65,-0.84
904,9004,991.35,22.70
905,0.26,0.71,0.59,0.27,-0.07,0.65,-0.83
906,9025,991.35,22.70
907,0.26,0.71,0.59,0.27,-0.07,0.65,-0.83
908,9046,991.42,22.70
909,0.26,0.71,0.59,0.27,-0.07,0.64,-0.83
910,9066,991.42,22.70
911,0.26,0.71,0.59,0.27,-0.07,0.65,-0.83
912,9088,991.42,22.67
913,0.26,0.71,0.59,0.27,-0.07,0.65,-0.83
914,9108,991.42,22.67
915,0.26,0.71,0.59,0.27,-0.07,0.65,-0.84
916,9128,991.29,22.67
917,0.26,0.71,0.59,0.27,-0.08,0.65,-0.83
918,9150,991.29,22.67
919,0.26,0.71,0.59,0.27,-0.07,0.65,-0.83
920,9170,991.29,22.69
921,0.26,0.71,0.59,0.27,-0.07,0.65,-0.83
922,9192,991.29,22.69
923,0.26,0.71,0.59,0.27,-0.07,0.65,-0.84
924,9212,991.36,22.69
925,0.26,0.71,0.59,0.27,-0.07,0.65,-0.83
926,9233,991.36,22.69
927,0.26,0.71,0.59,0.27,-0.07,0.65,-0.84
928,9254,991.36,22.65
929,0.26,0.71,0.59,0.27,-0.07,0.65,-0.83
930,9275,991.36,22.65
931,0.26,0.71,0.59,0.27,-0.07,0.64,-0.83
932,9295,991.28,22.65
933,0.26,0.71,0.59,0.27,-0.07,0.64,-0.83
934,9317,991.28,22.65
935,0.26,0.71,0.59,0.27,-0.07,0.65,-0.83
936,9337,991.28,22.66
937,0.26,0.71,0.59,0.27,-0.07,0.65,-0.83
938,9358,991.28,22.66
939,0.26,0.71,0.59,0.27,-0.07,0.65,-0.84
940,9379,991.28,22.66
941,0.26,0.71,0.59,0.27,-0.07,0.65,-0.84
942,9400,991.28,22.66
943,0.26,0.71,0.59,0.27,-0.07,0.65,-0.84
944,9421,991.28,22.65
945,0.26,0.71,0.59,0.27,-0.07,0.65,-0.84
946,9442,991.25,22.65
947,0.26,0.71,0.59,0.27,-0.08,0.65,-0.84
948,9462,991.25,22.65
949,0.26,0.71,0.59,0.27,-0.07,0.65,-0.83
950,9484,991.25,22.65
951,0.26,0.71,0.59,0.27,-0.07,0.64,-0.84
952,9504,991.25,22.64
953,0.26,0.71,0.59,0.27,-0.07,0.65,-0.84
954,9525,991.28,22.64
955,0.26,0.71,0.59,0.27,-0.07,0.65,-0.84
956,9546,991.28,22.64
957,0.26,0.71,0.59,0.27,-0.07,0.65,-0.84
958,9567,991.28,22.69
959,0.26,0.71,0.59,0.27,-0.07,0.65,-0.83
960,9587,991.28,22.69
961,0.26,0.71,0.59,0.27,-0.07,0.65,-0.84
962,9609,991.40,22.69
963,0.26,0.71,0.59,0.27,-0.07,0.65,-0.83
964,9629,991.40,22.69
965,0.26,0.71,0.59,0.27,-0.07,0.65,-0.84
966,9651,991.40,22.64
967,0.26,0.71,0.59,0.27,-0.07,0.65,-0.83
968,9671,991.40,22.64
969,0.26,0.71,0.59,0.27,-0.07,0.64,-0.84
970,9692,991.25,22.64
971,0.26,0.71,0.59,0.27,-0.07,0.65,-0.84
972,9713,991.25,22.64
973,0.26,0.71,0.59,0.27,-0.07,0.65,-0.83
974,9734,991.25,22.66
975,0.26,0.71,0.59,0.27,-0.07,0.65,-0.83
976,9754,991.25,22.66
977,0.26,0.71,0.59,0.27,-0.07,0.65,-0.83
978,9776,991.25,22.66
979,0.26,0.71,0.59,0.27,-0.07,0.65,-0.84
980,9796,991.25,22.66
981,0.26,0.71,0.59,0.27,-0.07,0.65,-0.83
982,9817,991.25,22.63
983,0.26,0.71,0.59,0.27,-0.07,0.64,-0.83
984,9838,991.25,22.63
985,0.26,0.71,0.59,0.27,-0.08,0.65,-0.84
986,9859,991.23,22.63
987,0.26,0.71,0.59,0.27,-0.07,0.65,-0.83
988,9880,991.23,22.63
989,0.26,0.71,0.59,0.27,-0.08,0.65,-0.83
990,9901,991.23,22.64
991,0.26,0.71,0.59,0.27,-0.07,0.65,-0.83
992,9921,991.24,22.64
993,0.26,0.71,0.59,0.27,-0.07,0.65,-0.84
994,9943,991.24,22.64
995,0.26,0.71,0.59,0.27,-0.07,0.65,-0.83
996,9963,991.24,22.64
997,0.26,0.71,0.59,0.27,-0.07,0.65,-0.83
998,9984,991.24,22.65
999,0.26,0.71,0.59,0.27,-0.07,0.65,-0.83
1000,10005,991.26,22.65
1001,0.26,0.71,0.59,0.27,-0.07,0.65,-0.84
1002,10025,991.26,22.65
1003,0.26,0.71,0.59,0.27,-0.07,0.65,-0.83
1004,10047,991.26,22.66
1005,0.26,0.71,0.59,0.27,-0.07,0.65,-0.83
1006,10067,991.26,22.66
1007,0.26,0.71,0.59,0.27,-0.07,0.65,-0.83
1008,10089,991.30,22.66
1009,0.26,0.71,0.59,0.27,-0.07,0.65,-0.84
1010,10109,991.30,22.66
1011,0.26,0.71,0.59,0.27,-0.07,0.65,-0.83
1012,10131,991.30,22.65
1013,0.26,0.71,0.59,0.27,-0.07,0.65,-0.84
1014,10151,991.30,22.65
1015,0.26,0.71,0.59,0.27,-0.07,0.65,-0.83
1016,10173,991.21,22.65
1017,0.26,0.71,0.59,0.27,-0.07,0.65,-0.83
1018,10193,991.21,22.65
1019,0.26,0.71,0.59,0.27,-0.07,0.65,-0.84
1020,10215,991.21,22.65
1021,0.26,0.71,0.59,0.27,-0.07,0.65,-0.84
1022,10235,991.21,22.65
1023,0.26,0.71,0.59,0.27,-0.07,0.65,-0.83
1024,10257,991.27,22.65
1025,0.26,0.71,0.59,0.27,-0.07,0.65,-0.84
1026,10277,991.27,22.65
1027,0.26,0.71,0.59,0.27,-0.07,0.65,-0.83
1028,10299,991.27,22.65
1029,0.26,0.71,0.59,0.27,-0.07,0.65,-0.83
1030,10319,991.27,22.65
1031,0.26,0.71,0.59,0.27,-0.07,0.65,-0.83
1032,10341,991.26,22.65
1033,0.26,0.71,0.59,0.27,-0.07,0.65,-0.84
1034,10361,991.26,22.65
1035,0.26,0.71,0.59,0.27,-0.07,0.65,-0.83
1036,10383,991.26,22.67
1037,0.26,0.71,0.59,0.27,-0.07,0.65,-0.83
1038,10403,991.31,22.67
1039,0.26,0.71,0.59,0.27,-0.07,0.65,-0.83
1040,10425,991.31,22.67
1041,0.26,0.71,0.59,0.27,-0.07,0.65,-0.83
1042,10445,991.31,22.67
1043,0.26,0.71,0.59,0.27,-0.07,0.65,-0.83
1044,10467,991.31,22.65
1045,0.26,0.71,0.59,0.27,-0.07,0.65,-0.83
1046,10487,991.24,22.65
1047,0.26,0.71,0.59,0.27,-0.08,0.64,-0.84
1048,10509,991.24,22.65
1049,0.26,0.71,0.59,0.27,-0.07,0.64,-0.83
1050,10530,991.24,22.64
1051,0.26,0.71,0.59,0.27,-0.07,0.65,-0.83
1052,10551,991.24,22.64
1053,0.25,0.71,0.59,0.27,-0.07,0.65,-0.83
1054,10572,991.17,22.64
1055,0.25,0.71,0.59,0.27,-0.07,0.65,-0.83
1056,10593,991.17,22.64
1057,0.25,0.71,0.59,0.27,-0.07,0.65,-0.83
1058,10614,991.17,22.63
1059,0.25,0.71,0.59,0.27,-0.07,0.65,-0.83
1060,10635,991.17,22.63
1061,0.25,0.71,0.59,0.27,-0.07,0.65,-0.84
1062,10656,991.23,22.63
1063,0.25,0.71,0.59,0.27,-0.07,0.65,-0.83
1064,10677,991.23,22.63
1065,0.25,0.71,0.59,0.27,-0.07,0.65,-0.83
1066,10698,991.23,22.65
1067,0.25,0.71,0.59,0.27,-0.07,0.65,-0.84
1068,10719,991.23,22.65
1069,0.25,0.71,0.59,0.27,-0.07,0.65,-0.83
1070,10740,991.30,22.65
1071,0.25,0.71,0.59,0.27,-0.07,0.65,-0.83
1072,10761,991.30,22.65
1073,0.25,0.71,0.59,0.27,-0.07,0.64,-0.83
1074,10782,991.30,22.63
1075,0.25,0.71,0.59,0.27,-0.07,0.65,-0.83
1076,10803,991.18,22.63
1077,0.25,0.71,0.59,0.27,-0.07,0.65,-0.84
1078,10824,991.18,22.63
1079,0.25,0.71,0.59,0.27,-0.07,0.64,-0.84
1080,10845,991.18,22.63
1081,0.25,0.71,0.59,0.27,-0.08,0.65,-0.84
1082,10866,991.18,22.66
1083,0.25,0.71,0.59,0.27,-0.07,0.65,-0.83
1084,10887,991.31,22.66
1085,0.25,0.71,0.59,0.27,-0.07,0.65,-0.83
1086,10908,991.31,22.66
1087,0.25,0.71,0.59,0.27,-0.07,0.65,-0.84
1088,10929,991.31,22.66
1089,0.25,0.71,0.59,0.27,-0.07,0.65,-0.84
1090,10950,991.31,22.64
1091,0.25,0.71,0.59,0.27,-0.07,0.65,-0.84
1092,10971,991.29,22.64
1093,0.25,0.71,0.59,0.27,-0.07,0.65,-0.83
1094,10992,991.29,22.64
1095,0.25,0.71,0.59,0.27,-0.07,0.65,-0.83
1096,11013,991.29,22.64
1097,0.25,0.71,0.60,0.27,-0.07,0.65,-0.83
1098,11034,991.29,22.64
1099,0.25,0.71,0.60,0.27,-0.07,0.65,-0.84
1100,11055,991.28,22.64
1101,0.25,0.71,0.60,0.27,-0.07,0.65,-0.83
1102,11076,991.28,22.64
1103,0.25,0.71,0.60,0.27,-0.07,0.65,-0.84
1104,11097,991.28,22.66
1105,0.25,0.71,0.60,0.27,-0.07,0.65,-0.83
1106,11118,991.28,22.66
1107,0.25,0.71,0.60,0.27,-0.07,0.65,-0.83
1108,11139,991.33,22.66
1109,0.25,0.71,0.60,0.27,-0.07,0.65,-0.83
1110,11160,991.33,22.66
1111,0.25,0.71,0.60,0.27,-0.07,0.64,-0.83
1112,11181,991.33,22.66
1113,0.25,0.71,0.60,0.27,-0.07,0.65,-0.84
1114,11202,991.33,22.66
1115,0.25,0.71,0.60,0.27,-0.07,0.64,-0.83
1116,11223,991.30,22.66
1117,0.25,0.71,0.60,0.27,-0.07,0.65,-0.84
1118,11244,991.30,22.66
1119,0.25,0.71,0.60,0.27,-0.07,0.65,-0.83
1120,11265,991.30,22.65
1121,0.25,0.71,0.60,0.27,-0.07,0.65,-0.84
1122,11286,991.26,22.65
1123,0.25,0.71,0.60,0.27,-0.07,0.65,-0.83
1124,11307,991.26,22.65
1125,0.25,0.71,0.60,0.27,-0.07,0.64,-0.83
1126,11328,991.26,22.65
1127,0.25,0.71,0.60,0.27,-0.07,0.65,-0.83
1128,11348,991.26,22.67
1129,0.25,0.71,0.60,0.27,-0.07,0.65,-0.84
1130,11370,991.23,22.67
1131,0.25,0.71,0.60,0.27,-0.07,0.65,-0.84
1132,11390,991.23,22.67
1133,0.25,0.71,0.60,0.27,-0.07,0.65,-0.83
1134,11412,991.23,22.62
1135,0.25,0.71,0.60,0.27,-0.07,0.65,-0.83
1136,11432,991.23,22.62
1137,0.25,0.71,0.60,0.27,-0.07,0.65,-0.83
1138,11454,991.07,22.62
1139,0.25,0.71,0.60,0.27,-0.07,0.65,-0.83
1140,11474,991.07,22.62
1141,0.25,0.71,0.60,0.27,-0.07,0.65,-0.83
1142,11496,991.07,22.67
1143,0.25,0.71,0.60,0.27,-0.07,0.65,-0.83
1144,11517,991.07,22.67
1145,0.25,0.71,0.60,0.27,-0.08,0.65,-0.84
1146,11538,991.24,22.67
1147,0.25,0.71,0.60,0.27,-0.07,0.65,-0.84
1148,11559,991.24,22.67
1149,0.25,0.71,0.60,0.27,-0.07,0.65,-0.84
1150,11580,991.24,22.65
1151,0.25,0.71,0.60,0.27,-0.07,0.65,-0.83
1152,11601,991.24,22.65
1153,0.25,0.71,0.60,0.27,-0.07,0.65,-0.83
1154,11622,991.09,22.65
1155,0.25,0.71,0.60,0.27,-0.07,0.65,-0.84
1156,11643,991.09,22.65
1157,0.25,0.71,0.60,0.27,-0.07,0.65,-0.83
1158,11664,991.09,22.61
1159,0.25,0.71,0.60,0.27,-0.07,0.65,-0.83
1160,11685,991.09,22.61
1161,0.25,0.71,0.60,0.27,-0.08,0.65,-0.83
1162,11706,991.02,22.61
1163,0.25,0.71,0.60,0.27,-0.07,0.65,-0.84
1164,11727,991.02,22.61
1165,0.25,0.71,0.60,0.27,-0.07,0.65,-0.83
1166,11748,991.02,22.61
1167,0.25,0.71,0.60,0.27,-0.07,0.65,-0.83
1168,11769,990.91,22.61
1169,0.25,0.71,0.60,0.27,-0.07,0.65,-0.83
1170,11790,990.91,22.61
1171,0.25,0.71,0.60,0.27,-0.07,0.65,-0.84
1172,11811,990.91,22.61
1173,0.25,0.71,0.60,0.27,-0.07,0.65,-0.83
1174,11832,990.91,22.65
1175,0.25,0.71,0.60,0.27,-0.07,0.64,-0.83
1176,11853,991.07,22.65
1177,0.25,0.71,0.60,0.27,-0.07,0.65,-0.83
1178,11874,991.07,22.65
1179,0.25,0.71,0.60,0.27,-0.07,0.65,-0.84
1180,11895,991.07,22.63
1181,0.25,0.71,0.60,0.27,-0.08,0.65,-0.83
1182,11916,991.07,22.63
1183,0.25,0.71,0.60,0.27,-0.07,0.65,-0.83
1184,11937,990.99,22.63
1185,0.25,0.71,0.60,0.27,-0.07,0.64,-0.83
1186,11958,990.99,22.63
1187,0.25,0.71,0.60,0.27,-0.07,0.65,-0.83
1188,11979,990.99,22.63
1189,0.25,0.71,0.60,0.27,-0.07,0.64,-0.83
1190,12000,990.99,22.63
1191,0.25,0.71,0.60,0.27,-0.07,0.65,-0.83
1192,12021,991.02,22.63
1193,0.25,0.71,0.60,0.27,-0.07,0.65,-0.83
1194,12042,991.02,22.63
1195,0.25,0.71,0.60,0.27,-0.07,0.65,-0.84
1196,12063,991.02,22.64
1197,0.25,0.71,0.60,0.27,-0.07,0.65,-0.83
1198,12084,991.02,22.64
1199,0.25,0.71,0.60,0.27,-0.07,0.65,-0.83
1200,12105,990.99,22.64
1201,0.25,0.71,0.60,0.27,-0.08,0.65,-0.84
1202,12126,990.99,22.64
1203,0.25,0.71,0.60,0.27,-0.07,0.65,-0.84
1204,12147,990.99,22.64
1205,0.25,0.71,0.60,0.27,-0.07,0.65,-0.83
1206,12168,990.99,22.64
1207,0.25,0.71,0.60,0.27,-0.07,0.65,-0.83
1208,12189,991.04,22.64
1209,0.25,0.71,0.60,0.27,-0.08,0.65,-0.84
1210,12210,991.04,22.64
1211,0.25,0.71,0.60,0.27,-0.07,0.65,-0.83
1212,12231,991.04,22.66
1213,0.25,0.71,0.60,0.27,-0.07,0.65,-0.83
1214,12252,991.03,22.66
1215,0.25,0.71,0.60,0.27,-0.07,0.65,-0.84
1216,12273,991.03,22.66
1217,0.25,0.71,0.60,0.27,-0.07,0.65,-0.83
1218,12294,991.03,22.66
1219,0.25,0.71,0.60,0.27,-0.07,0.65,-0.83
1220,12315,991.03,22.64
1221,0.25,0.71,0.60,0.27,-0.07,0.65,-0.83
1222,12336,991.04,22.64
1223,0.25,0.71,0.60,0.27,-0.07,0.65,-0.84
1224,12357,991.04,22.64
1225,0.25,0.71,0.60,0.27,-0.07,0.65,-0.83
1226,12378,991.04,22.64
1227,0.25,0.71,0.60,0.27,-0.07,0.65,-0.83
1228,12399,991.04,22.64
1229,0.25,0.71,0.60,0.27,-0.08,0.65,-0.83
1230,12420,991.07,22.64
1231,0.25,0.71,0.60,0.27,-0.07,0.65,-0.84
1232,12441,991.07,22.64
1233,0.25,0.71,0.60,0.27,-0.07,0.65,-0.83
1234,12462,991.07,22.66
1235,0.25,0.71,0.60,0.27,-0.07,0.65,-0.84
1236,12483,991.07,22.66
1237,0.25,0.71,0.60,0.27,-0.08,0.65,-0.83
1238,12504,991.08,22.66
1239,0.25,0.71,0.60,0.27,-0.07,0.65,-0.84
1240,12525,991.08,22.66
1241,0.25,0.71,0.60,0.27,-0.07,0.65,-0.83
1242,12546,991.08,22.63
1243,0.25,0.71,0.60,0.27,-0.07,0.65,-0.83
1244,12567,991.08,22.63
1245,0.25,0.71,0.60,0.27,-0.07,0.65,-0.83
1246,12588,990.99,22.63
1247,0.25,0.71,0.60,0.27,-0.07,0.65,-0.84
1248,12609,990.99,22.63
1249,0.25,0.71,0.60,0.27,-0.07,0.65,-0.84
1250,12630,990.99,22.65
1251,0.25,0.71,0.60,0.27,-0.07,0.65,-0.83
1252,12651,991.10,22.65
1253,0.25,0.71,0.60,0.27,-0.07,0.65,-0.84
1254,12672,991.10,22.65
1255,0.25,0.71,0.60,0.27,-0.07,0.65,-0.83
1256,12693,991.10,22.65
1257,0.25,0.71,0.60,0.27,-0.07,0.65,-0.84
1258,12713,991.10,22.64
1259,0.25,0.71,0.60,0.27,-0.07,0.65,-0.83
1260,12735,991.05,22.64
1261,0.25,0.71,0.60,0.27,-0.07,0.65,-0.83
1262,12755,991.05,22.64
1263,0.25,0.71,0.60,0.27,-0.07,0.65,-0.83
1264,12777,991.05,22.64
1265,0.25,0.71,0.60,0.27,-0.07,0.65,-0.84
1266,12797,991.05,22.65
1267,0.25,0.71,0.60,0.27,-0.07,0.65,-0.83
1268,12819,991.10,22.65
1269,0.25,0.71,0.60,0.27,-0.08,0.65,-0.83
1270,12839,991.10,22.65
1271,0.25,0.71,0.60,0.27,-0.07,0.64,-0.83
1272,12861,991.10,22.67
1273,0.25,0.71,0.60,0.27,-0.07,0.65,-0.84
1274,12881,991.10,22.67
1275,0.25,0.71,0.60,0.27,-0.07,0.65,-0.83
1276,12903,991.19,22.67
1277,0.25,0.71,0.60,0.27,-0.07,0.65,-0.83
1278,12923,991.19,22.67
1279,0.25,0.71,0.60,0.27,-0.07,0.65,-0.83
1280,12945,991.19,22.64
1281,0.25,0.71,0.60,0.27,-0.07,0.65,-0.83
1282,12966,991.19,22.64
1283,0.25,0.71,0.60,0.27,-0.07,0.65,-0.83
1284,12987,991.09,22.64
1285,0.25,0.71,0.60,0.27,-0.07,0.65,-0.84
1286,13008,991.09,22.64
1287,0.25,0.71,0.60,0.27,-0.07,0.65,-0.83
1288,13029,991.09,22.66
1289,0.25,0.71,0.60,0.27,-0.07,0.65,-0.83
1290,13050,991.09,22.66
1291,0.25,0.70,0.60,0.27,-0.07,0.65,-0.83
1292,13071,991.13,22.66
1293,0.25,0.70,0.60,0.27,-0.07,0.65,-0.83
1294,13092,991.13,22.66
1295,0.25,0.70,0.60,0.27,-0.07,0.65,-0.83
1296,13113,991.13,22.65
1297,0.25,0.70,0.60,0.27,-0.07,0.65,-0.83
1298,13134,991.04,22.65
1299,0.25,0.70,0.60,0.27,-0.07,0.64,-0.83
1300,13155,991.04,22.65
1301,0.25,0.70,0.60,0.27,-0.07,0.65,-0.83
1302,13176,991.04,22.65
1303,0.25,0.70,0.60,0.27,-0.07,0.65,-0.84
1304,13197,991.04,22.66
1305,0.25,0.70,0.60,0.27,-0.07,0.65,-0.83
1306,13218,991.11,22.66
1307,0.25,0.70,0.60,0.27,-0.07,0.65,-0.83
1308,13239,991.11,22.66
1309,0.25,0.70,0.60,0.27,-0.07,0.65,-0.83
1310,13260,991.11,22.66
1311,0.25,0.70,0.60,0.27,-0.07,0.65,-0.84
1312,13281,991.11,22.66
1313,0.25,0.70,0.60,0.27,-0.07,0.65,-0.83
1314,13302,991.09,22.66
1315,0.25,0.70,0.60,0.27,-0.07,0.65,-0.83
1316,13323,991.09,22.66
1317,0.25,0.70,0.60,0.27,-0.07,0.65,-0.83
1318,13344,991.09,22.65
1319,0.25,0.70,0.60,0.27,-0.07,0.65,-0.84
1320,13365,991.09,22.65
1321,0.25,0.70,0.60,0.27,-0.07,0.65,-0.83
1322,13386,991.12,22.65
1323,0.25,0.70,0.60,0.27,-0.07,0.65,-0.83
1324,13407,991.12,22.65
1325,0.25,0.70,0.60,0.27,-0.07,0.65,-0.83
1326,13428,991.12,22.65
1327,0.25,0.70,0.60,0.27,-0.07,0.65,-0.83
1328,13449,991.12,22.65
1329,0.25,0.70,0.60,0.27,-0.07,0.65,-0.84
1330,13470,991.05,22.65
1331,0.25,0.70,0.60,0.27,-0.07,0.65,-0.83
1332,13491,991.05,22.65
1333,0.25,0.70,0.60,0.27,-0.07,0.65,-0.83
1334,13512,991.05,22.63
1335,0.25,0.70,0.60,0.27,-0.07,0.65,-0.84
1336,13533,991.05,22.63
1337,0.25,0.70,0.60,0.27,-0.07,0.65,-0.83
1338,13554,991.06,22.63
1339,0.25,0.70,0.60,0.27,-0.07,0.64,-0.84
1340,13575,991.06,22.63
1341,0.25,0.70,0.60,0.27,-0.07,0.65,-0.83
1342,13596,991.06,22.64
1343,0.25,0.70,0.60,0.27,-0.07,0.65,-0.83
1344,13617,991.08,22.64
1345,0.25,0.70,0.60,0.27,-0.07,0.65,-0.83
1346,13638,991.08,22.64
1347,0.25,0.70,0.60,0.27,-0.07,0.65,-0.83
1348,13659,991.08,22.64
1349,0.25,0.70,0.60,0.27,-0.07,0.65,-0.84
1350,13680,991.08,22.65
1351,0.25,0.70,0.60,0.27,-0.07,0.64,-0.83
1352,13701,991.11,22.65
1353,0.25,0.70,0.60,0.27,-0.07,0.65,-0.84
1354,13722,991.11,22.65
1355,0.25,0.70,0.60,0.27,-0.07,0.65,-0.83
1356,13743,991.11,22.66
1357,0.25,0.70,0.60,0.27,-0.07,0.65,-0.84
1358,13764,991.11,22.66
1359,0.25,0.70,0.60,0.27,-0.07,0.64,-0.83
1360,13785,991.09,22.66
1361,0.25,0.70,0.60,0.27,-0.07,0.65,-0.83
1362,13806,991.09,22.66
1363,0.25,0.70,0.60,0.27,-0.07,0.64,-0.84
1364,13827,991.09,22.65
1365,0.25,0.70,0.60,0.27,-0.07,0.65,-0.83
1366,13848,991.09,22.65
1367,0.25,0.70,0.60,0.27,-0.07,0.65,-0.83
1368,13869,991.07,22.65
1369,0.25,0.70,0.60,0.27,-0.07,0.65,-0.83
1370,13890,991.07,22.65
1371,0.25,0.70,0.60,0.27,-0.07,0.65,-0.83
1372,13911,991.07,22.65
1373,0.25,0.70,0.60,0.27,-0.07,0.65,-0.83
1374,13932,991.07,22.65
1375,0.25,0.70,0.60,0.27,-0.07,0.65,-0.84
1376,13953,991.09,22.65
1377,0.25,0.70,0.60,0.27,-0.07,0.64,-0.84
1378,13974,991.09,22.65
1379,0.25,0.70,0.60,0.27,-0.07,0.65,-0.84
1380,13995,991.09,22.66
1381,0.25,0.70,0.60,0.27,-0.07,0.65,-0.84
1382,14016,991.10,22.66
1383,0.25,0.70,0.60,0.27,-0.07,0.65,-0.83
1384,14036,991.10,22.66
1385,0.25,0.70,0.60,0.27,-0.07,0.65,-0.84
1386,14058,991.10,22.66
1387,0.25,0.70,0.60,0.27,-0.07,0.65,-0.83
1388,14078,991.10,22.67
1389,0.25,0.70,0.60,0.27,-0.07,0.65,-0.83
1390,14100,991.11,22.67
1391,0.25,0.70,0.60,0.27,-0.07,0.65,-0.83
1392,14120,991.11,22.67
1393,0.25,0.70,0.60,0.27,-0.07,0.65,-0.83
1394,14142,991.11,22.67
1395,0.25,0.70,0.60,0.27,-0.07,0.65,-0.83
1396,14162,991.11,22.64
1397,0.25,0.70,0.60,0.27,-0.07,0.65,-0.84
1398,14184,991.08,22.64
1399,0.25,0.70,0.60,0.27,-0.07,0.65,-0.84
1400,14204,991.08,22.64
1401,0.25,0.70,0.60,0.27,-0.07,0.65,-0.84
1402,14226,991.08,22.65
1403,0.25,0.70,0.60,0.27,-0.08,0.65,-0.84
1404,14246,991.08,22.65
1405,0.25,0.70,0.60,0.27,-0.07,0.64,-0.83
1406,14268,991.11,22.65
1407,0.25,0.70,0.60,0.27,-0.07,0.65,-0.83
1408,14288,991.11,22.65
1409,0.25,0.70,0.60,0.27,-0.07,0.65,-0.84
1410,14310,991.11,22.66
1411,0.25,0.70,0.60,0.27,-0.07,0.64,-0.83
1412,14330,991.11,22.66
1413,0.25,0.70,0.60,0.27,-0.08,0.65,-0.83
1414,14352,991.09,22.66
1415,0.25,0.70,0.60,0.27,-0.07,0.65,-0.83
1416,14372,991.09,22.66
1417,0.25,0.70,0.60,0.27,-0.07,0.65,-0.83
1418,14394,991.09,22.66
1419,0.25,0.70,0.60,0.27,-0.07,0.65,-0.84
1420,14414,991.09,22.66
1421,0.25,0.70,0.61,0.27,-0.08,0.65,-0.83
1422,14436,991.14,22.66
1423,0.25,0.70,0.61,0.27,-0.07,0.65,-0.84
1424,14456,991.14,22.66
1425,0.25,0.70,0.61,0.27,-0.07,0.65,-0.84
1426,14478,991.14,22.63
1427,0.25,0.70,0.61,0.27,-0.07,0.65,-0.83
1428,14498,991.05,22.63
1429,0.25,0.70,0.61,0.28,-0.07,0.65,-0.83
1430,14520,991.05,22.63
1431,0.25,0.70,0.61,0.28,-0.07,0.65,-0.83
1432,14540,991.05,22.63
1433,0.25,0.70,0.61,0.28,-0.07,0.65,-0.83
1434,14562,991.05,22.63
1435,0.25,0.70,0.61,0.28,-0.07,0.65,-0.84
1436,14582,991.04,22.63
1437,0.25,0.70,0.61,0.28,-0.07,0.65,-0.83
1438,14604,991.04,22.63
1439,0.25,0.70,0.61,0.28,-0.07,0.65,-0.84
1440,14624,991.04,22.63
1441,0.25,0.70,0.61,0.28,-0.07,0.65,-0.83
1442,14646,991.04,22.65
1443,0.25,0.70,0.61,0.28,-0.07,0.65,-0.83
1444,14666,991.12,22.65
1445,0.25,0.70,0.61,0.28,-0.07,0.65,-0.83
1446,14688,991.12,22.65
1447,0.25,0.70,0.61,0.28,-0.07,0.65,-0.84
1448,14708,991.12,22.64
1449,0.25,0.70,0.61,0.28,-0.07,0.65,-0.84
1450,14730,991.12,22.64
1451,0.25,0.70,0.61,0.28,-0.07,0.65,-0.84
1452,14750,991.10,22.64
1453,0.25,0.70,0.61,0.28,-0.07,0.65,-0.84
1454,14772,991.10,22.64
1455,0.25,0.70,0.61,0.28,-0.07,0.65,-0.84
1456,14792,991.10,22.67
1457,0.25,0.70,0.61,0.28,-0.07,0.65,-0.83
1458,14814,991.10,22.67
1459,0.25,0.70,0.61,0.28,-0.08,0.65,-0.84
1460,14834,991.14,22.67
1461,0.25,0.70,0.61,0.28,-0.07,0.65,-0.83
1462,14856,991.14,22.67
1463,0.25,0.70,0.61,0.28,-0.07,0.65,-0.83
1464,14876,991.14,22.66
1465,0.25,0.70,0.61,0.28,-0.07,0.65,-0.83
1466,14898,991.14,22.66
1467,0.25,0.70,0.61,0.28,-0.07,0.65,-0.83
1468,14918,991.13,22.66
1469,0.25,0.70,0.61,0.28,-0.07,0.65,-0.84
1470,14940,991.13,22.66
1471,0.25,0.70,0.61,0.28,-0.07,0.65,-0.83
1472,14960,991.13,22.65
1473,0.25,0.70,0.61,0.28,-0.07,0.65,-0.83
1474,14982,991.14,22.65
1475,0.25,0.70,0.61,0.28,-0.07,0.64,-0.84
1476,15002,991.14,22.65
1477,0.25,0.70,0.61,0.28,-0.07,0.65,-0.83
1478,15024,991.14,22.65
1479,0.25,0.70,0.61,0.28,-0.07,0.64,-0.84
1480,15044,991.14,22.66
1481,0.25,0.70,0.61,0.28,-0.07,0.65,-0.83
1482,15066,991.16,22.66
1483,0.25,0.70,0.61,0.28,-0.07,0.65,-0.83
1484,15086,991.16,22.66
1485,0.25,0.70,0.61,0.28,-0.08,0.64,-0.84
1486,15108,991.16,22.65
1487,0.25,0.70,0.61,0.28,-0.07,0.65,-0.83
1488,15128,991.16,22.65
1489,0.25,0.70,0.61,0.28,-0.07,0.65,-0.84
1490,15150,991.12,22.65
1491,0.25,0.70,0.61,0.28,-0.07,0.65,-0.84
1492,15170,991.12,22.65
1493,0.25,0.70,0.61,0.28,-0.07,0.65,-0.84
1494,15192,991.12,22.67
1495,0.25,0.70,0.61,0.28,-0.07,0.65,-0.83
1496,15213,991.12,22.67
1497,0.25,0.70,0.61,0.28,-0.07,0.65,-0.83
1498,15234,991.17,22.67
1499,0.25,0.70,0.61,0.28,-0.08,0.65,-0.83
1500,15255,991.17,22.67
1501,0.25,0.70,0.61,0.28,-0.07,0.65,-0.83
1502,15276,991.17,22.65
1503,0.25,0.70,0.61,0.28,-0.07,0.65,-0.83
1504,15297,991.17,22.65
1505,0.25,0.70,0.61,0.28,-0.07,0.65,-0.84
1506,15318,991.09,22.65
1507,0.25,0.70,0.61,0.28,-0.07,0.64,-0.84
1508,15339,991.09,22.65
1509,0.25,0.70,0.61,0.28,-0.07,0.64,-0.84
1510,15360,991.09,22.64
1511,0.25,0.70,0.61,0.28,-0.07,0.65,-0.84
1512,15381,991.09,22.64
1513,0.25,0.70,0.61,0.28,-0.07,0.65,-0.83
1514,15401,991.09,22.64
1515,0.25,0.70,0.61,0.28,-0.07,0.65,-0.84
1516,15423,991.09,22.64
1517,0.25,0.70,0.61,0.28,-0.07,0.65,-0.83
1518,15443,991.09,22.67
1519,0.25,0.70,0.61,0.28,-0.07,0.65,-0.84
1520,15465,991.17,22.67
1521,0.25,0.70,0.61,0.28,-0.08,0.65,-0.83
1522,15485,991.17,22.67
1523,0.25,0.70,0.61,0.28,-0.07,0.64,-0.83
1524,15507,991.17,22.67
1525,0.25,0.70,0.61,0.28,-0.07,0.65,-0.83
1526,15527,991.17,22.63
1527,0.25,0.70,0.61,0.28,-0.07,0.65,-0.83
1528,15549,991.05,22.63
1529,0.25,0.70,0.61,0.28,-0.07,0.65,-0.83
1530,15569,991.05,22.63
1531,0.25,0.70,0.61,0.28,-0.07,0.65,-0.83
1532,15591,991.05,22.64
1533,0.25,0.70,0.61,0.28,-0.07,0.65,-0.84
1534,15611,991.05,22.64
1535,0.25,0.70,0.61,0.28,-0.07,0.65,-0.84
1536,15633,991.10,22.64
1537,0.25,0.70,0.61,0.28,-0.07,0.65,-0.83
1538,15653,991.10,22.64
1539,0.25,0.70,0.61,0.28,-0.07,0.65,-0.83
1540,15675,991.10,22.62
1541,0.25,0.70,0.61,0.28,-0.07,0.65,-0.83
1542,15695,991.10,22.62
1543,0.25,0.70,0.61,0.28,-0.07,0.65,-0.83
1544,15717,991.01,22.62
1545,0.25,0.70,0.61,0.28,-0.07,0.65,-0.83
1546,15737,991.01,22.62
1547,0.25,0.70,0.61,0.28,-0.07,0.65,-0.83
1548,15759,991.01,22.64
1549,0.25,0.70,0.61,0.28,-0.07,0.65,-0.83
1550,15779,991.01,22.64
1551,0.25,0.70,0.61,0.28,-0.07,0.64,-0.83
1552,15801,991.07,22.64
1553,0.25,0.70,0.61,0.28,-0.07,0.65,-0.83
1554,15821,991.07,22.64
1555,0.25,0.70,0.61,0.28,-0.07,0.65,-0.84
1556,15843,991.07,22.65
1557,0.25,0.70,0.61,0.28,-0.07,0.65,-0.84
1558,15863,991.10,22.65
1559,0.25,0.70,0.61,0.28,-0.07,0.65,-0.83
1560,15885,991.10,22.65
1561,0.25,0.70,0.61,0.28,-0.07,0.64,-0.83
1562,15905,991.10,22.65
1563,0.25,0.70,0.61,0.28,-0.07,0.65,-0.83
1564,15927,991.10,22.64
1565,0.25,0.70,0.61,0.28,-0.07,0.65,-0.83
1566,15947,991.10,22.64
1567,0.25,0.70,0.61,0.28,-0.07,0.65,-0.83
1568,15969,991.10,22.64
1569,0.25,0.70,0.61,0.28,-0.07,0.65,-0.83
1570,15989,991.10,22.64
1571,0.25,0.70,0.61,0.28,-0.07,0.64,-0.84
1572,16011,991.10,22.65
1573,0.25,0.70,0.61,0.28,-0.07,0.64,-0.83
1574,16031,991.10,22.65
1575,0.25,0.70,0.61,0.28,-0.07,0.65,-0.83
1576,16053,991.10,22.65
1577,0.25,0.70,0.61,0.28,-0.07,0.65,-0.83
1578,16073,991.10,22.64
1579,0.25,0.70,0.61,0.28,-0.07,0.65,-0.83
1580,16095,991.10,22.64
1581,0.25,0.70,0.61,0.28,-0.07,0.64,-0.84
1582,16115,991.13,22.64
1583,0.25,0.70,0.61,0.28,-0.07,0.65,-0.83
1584,16137,991.13,22.64
1585,0.25,0.70,0.61,0.28,-0.07,0.65,-0.84
1586,16157,991.13,22.64
1587,0.25,0.70,0.61,0.28,-0.07,0.65,-0.83
1588,16179,991.13,22.64
1589,0.25,0.70,0.61,0.28,-0.07,0.65,-0.84
1590,16199,991.16,22.64
1591,0.25,0.70,0.61,0.28,-0.07,0.65,-0.83
1592,16221,991.16,22.64
1593,0.25,0.70,0.61,0.28,-0.07,0.65,-0.84
1594,16241,991.16,22.62
1595,0.25,0.70,0.61,0.28,-0.07,0.65,-0.83
1596,16262,991.16,22.62
1597,0.25,0.70,0.61,0.28,-0.07,0.65,-0.83
1598,16283,991.05,22.62
1599,0.25,0.70,0.61,0.28,-0.07,0.64,-0.83
1600,16304,991.05,22.62
1601,0.25,0.70,0.61,0.28,-0.07,0.64,-0.83
1602,16325,991.05,22.62
1603,0.25,0.70,0.61,0.28,-0.07,0.65,-0.83
1604,16346,991.08,22.62
1605,0.25,0.70,0.61,0.28,-0.07,0.65,-0.83
1606,16367,991.08,22.62
1607,0.25,0.70,0.61,0.28,-0.07,0.65,-0.83
1608,16388,991.08,22.62
1609,0.25,0.70,0.61,0.28,-0.08,0.64,-0.83
1610,16409,991.08,22.62
1611,0.25,0.70,0.61,0.28,-0.07,0.65,-0.83
1612,16430,991.05,22.62
1613,0.25,0.70,0.61,0.28,-0.07,0.65,-0.84
1614,16451,991.05,22.62
1615,0.25,0.70,0.61,0.28,-0.07,0.65,-0.83
1616,16472,991.05,22.62
1617,0.25,0.70,0.61,0.28,-0.08,0.65,-0.83
1618,16493,991.05,22.62
1619,0.25,0.70,0.61,0.28,-0.08,0.65,-0.83
1620,16514,991.05,22.62
1621,0.25,0.70,0.61,0.28,-0.07,0.65,-0.83
1622,16535,991.05,22.62
1623,0.25,0.69,0.61,0.28,-0.07,0.65,-0.83
1624,16556,991.05,22.64
1625,0.25,0.69,0.61,0.28,-0.07,0.65,-0.83
1626,16577,991.05,22.64
1627,0.25,0.69,0.61,0.28,-0.07,0.65,-0.84
1628,16598,991.14,22.64
1629,0.25,0.69,0.61,0.28,-0.07,0.64,-0.84
1630,16618,991.14,22.64
1631,0.25,0.69,0.61,0.28,-0.07,0.64,-0.83
1632,16640,991.14,22.64
1633,0.25,0.69,0.61,0.28,-0.08,0.65,-0.83
1634,16660,991.14,22.64
1635,0.25,0.69,0.61,0.28,-0.07,0.65,-0.84
1636,16681,991.11,22.64
1637,0.25,0.69,0.61,0.28,-0.07,0.65,-0.84
1638,16702,991.11,22.64
1639,0.25,0.69,0.61,0.28,-0.07,0.65,-0.83
1640,16723,991.11,22.62
1641,0.25,0.69,0.61,0.28,-0.07,0.65,-0.83
1642,16744,991.11,22.62
1643,0.25,0.69,0.61,0.28,-0.07,0.64,-0.84
1644,16765,991.01,22.62
1645,0.25,0.69,0.61,0.28,-0.07,0.65,-0.83
1646,16786,991.01,22.62
1647,0.25,0.69,0.61,0.28,-0.07,0.65,-0.83
1648,16807,991.01,22.62
1649,0.25,0.69,0.61,0.28,-0.07,0.64,-0.83
1650,16828,991.04,22.62
1651,0.25,0.69,0.61,0.28,-0.07,0.65,-0.83
1652,16849,991.04,22.62
1653,0.25,0.69,0.61,0.28,-0.07,0.64,-0.84
1654,16870,991.04,22.62
1655,0.25,0.69,0.61,0.28,-0.07,0.65,-0.83
1656,16891,991.04,22.64
1657,0.25,0.69,0.61,0.28,-0.07,0.65,-0.83
1658,16912,991.10,22.64
1659,0.25,0.69,0.61,0.28,-0.07,0.65,-0.84
1660,16933,991.10,22.64
1661,0.25,0.69,0.61,0.28,-0.07,0.65,-0.84
1662,16954,991.10,22.64
1663,0.25,0.69,0.61,0.28,-0.07,0.65,-0.83
1664,16975,991.10,22.64
1665,0.25,0.69,0.61,0.28,-0.07,0.65,-0.83
1666,16996,991.10,22.64
1667,0.25,0.69,0.61,0.28,-0.07,0.65,-0.83
1668,17016,991.10,22.64
1669,0.25,0.69,0.61,0.28,-0.07,0.65,-0.83
1670,17038,991.10,22.66
1671,0.25,0.69,0.61,0.28,-0.07,0.65,-0.84
1672,17058,991.10,22.66
1673,0.25,0.69,0.61,0.28,-0.07,0.65,-0.83
1674,17080,991.16,22.66
1675,0.25,0.69,0.61,0.28,-0.07,0.65,-0.83
1676,17100,991.16,22.66
1677,0.25,0.69,0.61,0.28,-0.07,0.65,-0.83
1678,17122,991.16,22.64
1679,0.25,0.69,0.61,0.28,-0.07,0.65,-0.83
1680,17142,991.16,22.64
1681,0.25,0.69,0.61,0.28,-0.07,0.65,-0.83
1682,17164,991.10,22.64
1683,0.25,0.69,0.61,0.28,-0.07,0.65,-0.84
1684,17184,991.10,22.64
1685,0.25,0.69,0.61,0.28,-0.07,0.65,-0.84
1686,17206,991.10,22.64
1687,0.25,0.69,0.61,0.28,-0.07,0.65,-0.83
1688,17226,991.10,22.64
1689,0.25,0.69,0.61,0.28,-0.07,0.64,-0.84
1690,17248,991.09,22.64
1691,0.25,0.69,0.61,0.28,-0.07,0.65,-0.83
1692,17268,991.09,22.64
1693,0.25,0.69,0.61,0.28,-0.07,0.65,-0.84
1694,17290,991.09,22.62
1695,0.25,0.69,0.61,0.28,-0.07,0.64,-0.83
1696,17310,991.00,22.62
1697,0.25,0.69,0.61,0.28,-0.08,0.65,-0.84
1698,17331,991.00,22.62
1699,0.25,0.69,0.61,0.28,-0.07,0.65,-0.83
1700,17352,991.00,22.62
1701,0.25,0.69,0.62,0.28,-0.07,0.65,-0.83
1702,17373,991.00,22.59
1703,0.25,0.69,0.62,0.28,-0.07,0.65,-0.83
1704,17394,990.98,22.59
1705,0.25,0.69,0.62,0.28,-0.07,0.65,-0.83
1706,17415,990.98,22.59
1707,0.25,0.69,0.62,0.28,-0.07,0.65,-0.83
1708,17436,990.98,22.59
1709,0.25,0.69,0.62,0.28,-0.07,0.65,-0.83
1710,17457,990.98,22.62
1711,0.25,0.69,0.62,0.28,-0.07,0.65,-0.84
1712,17478,991.05,22.62
1713,0.25,0.69,0.62,0.28,-0.07,0.65,-0.84
1714,17499,991.05,22.62
1715,0.25,0.69,0.62,0.28,-0.07,0.65,-0.84
1716,17520,991.05,22.61
1717,0.25,0.69,0.62,0.28,-0.07,0.65,-0.83
1718,17541,991.05,22.61
1719,0.25,0.69,0.62,0.28,-0.07,0.65,-0.83
1720,17562,991.01,22.61
1721,0.25,0.69,0.62,0.28,-0.07,0.65,-0.83
1722,17583,991.01,22.61
1723,0.25,0.69,0.62,0.28,-0.07,0.65,-0.84
1724,17603,991.01,22.65
1725,0.25,0.69,0.62,0.28,-0.07,0.65,-0.84
1726,17625,991.01,22.65
1727,0.25,0.69,0.62,0.28,-0.07,0.65,-0.83
1728,17645,991.15,22.65
1729,0.25,0.69,0.62,0.28,-0.07,0.65,-0.83
1730,17667,991.15,22.65
1731,0.25,0.69,0.62,0.28,-0.07,0.65,-0.83
1732,17687,991.15,22.62
1733,0.25,0.69,0.62,0.28,-0.07,0.65,-0.84
1734,17709,991.15,22.62
1735,0.25,0.69,0.62,0.28,-0.07,0.65,-0.83
1736,17729,991.03,22.62
1737,0.25,0.69,0.62,0.28,-0.07,0.65,-0.83
1738,17751,991.03,22.62
1739,0.25,0.69,0.62,0.28,-0.07,0.65,-0.84
1740,17771,991.03,22.62
1741,0.25,0.69,0.62,0.28,-0.07,0.64,-0.83
1742,17793,991.04,22.62
1743,0.25,0.69,0.62,0.28,-0.07,0.65,-0.83
1744,17813,991.04,22.62
1745,0.25,0.69,0.62,0.28,-0.07,0.64,-0.84
1746,17835,991.04,22.62
1747,0.25,0.69,0.62,0.28,-0.07,0.65,-0.83
1748,17855,991.04,22.65
1749,0.25,0.69,0.62,0.28,-0.07,0.65,-0.83
1750,17876,991.12,22.65
1751,0.25,0.69,0.62,0.28,-0.07,0.65,-0.83
1752,17897,991.12,22.65
1753,0.25,0.69,0.62,0.28,-0.07,0.65,-0.83
1754,17918,991.12,22.60
1755,0.25,0.69,0.62,0.28,-0.07,0.65,-0.83
1756,17939,991.12,22.60
1757,0.25,0.69,0.62,0.28,-0.07,0.65,-0.83
1758,17960,990.97,22.60
1759,0.25,0.69,0.62,0.28,-0.07,0.64,-0.84
1760,17981,990.97,22.60
1761,0.25,0.69,0.62,0.28,-0.07,0.64,-0.83
1762,18001,990.97,22.63
1763,0.25,0.69,0.62,0.28,-0.08,0.65,-0.84
1764,18023,990.97,22.63
1765,0.25,0.69,0.62,0.28,-0.07,0.65,-0.83
1766,18043,991.05,22.63
1767,0.25,0.69,0.62,0.28,-0.07,0.65,-0.83
1768,18065,991.05,22.63
1769,0.25,0.69,0.62,0.28,-0.07,0.65,-0.83
1770,18085,991.05,22.64
1771,0.25,0.69,0.62,0.28,-0.07,0.65,-0.83
1772,18107,991.05,22.64
1773,0.25,0.69,0.62,0.28,-0.07,0.65,-0.83
1774,18127,991.11,22.64
1775,0.25,0.69,0.62,0.28,-0.07,0.64,-0.83
1776,18149,991.11,22.64
1777,0.25,0.69,0.62,0.28,-0.07,0.64,-0.84
1778,18169,991.11,22.64
1779,0.25,0.69,0.62,0.28,-0.08,0.65,-0.83
1780,18191,991.11,22.64
1781,0.25,0.69,0.62,0.28,-0.07,0.65,-0.83
1782,18211,991.10,22.64
1783,0.25,0.69,0.62,0.28,-0.07,0.65,-0.83
1784,18233,991.10,22.64
1785,0.25,0.69,0.62,0.28,-0.07,0.65,-0.84
1786,18253,991.10,22.66
1787,0.25,0.69,0.62,0.28,-0.07,0.65,-0.84
1788,18275,991.14,22.66
1789,0.25,0.69,0.62,0.28,-0.07,0.65,-0.84
1790,18295,991.14,22.66
1791,0.25,0.69,0.62,0.28,-0.07,0.65,-0.83
1792,18317,991.14,22.66
1793,0.25,0.69,0.62,0.28,-0.07,0.65,-0.83
1794,18337,991.14,22.64
1795,0.25,0.69,0.62,0.28,-0.07,0.64,-0.83
1796,18358,991.13,22.64
1797,0.25,0.69,0.62,0.28,-0.07,0.65,-0.83
1798,18379,991.13,22.64
1799,0.25,0.69,0.62,0.28,-0.07,0.65,-0.84
1800,18400,991.13,22.65
1801,0.25,0.69,0.62,0.28,-0.07,0.65,-0.84
1802,18421,991.13,22.65
1803,0.25,0.69,0.62,0.28,-0.07,0.64,-0.83
1804,18442,991.10,22.65
1805,0.25,0.69,0.62,0.28,-0.07,0.65,-0.83
1806,18463,991.10,22.65
1807,0.25,0.69,0.62,0.28,-0.07,0.65,-0.83
1808,18484,991.10,22.65
1809,0.25,0.69,0.62,0.28,-0.08,0.65,-0.83
1810,18505,991.10,22.65
1811,0.25,0.69,0.62,0.28,-0.07,0.65,-0.84
1812,18526,991.13,22.65
1813,0.25,0.69,0.62,0.28,-0.07,0.65,-0.83
1814,18547,991.13,22.65
1815,0.25,0.69,0.62,0.28,-0.07,0.64,-0.84
1816,18568,991.13,22.66
1817,0.25,0.69,0.62,0.28,-0.07,0.64,-0.84
1818,18589,991.13,22.66
1819,0.25,0.69,0.62,0.28,-0.07,0.65,-0.83
1820,18610,991.15,22.66
1821,0.25,0.69,0.62,0.28,-0.07,0.65,-0.83
1822,18631,991.15,22.66
1823,0.25,0.69,0.62,0.28,-0.07,0.65,-0.83
1824,18652,991.15,22.66
1825,0.25,0.69,0.62,0.28,-0.07,0.65,-0.83
1826,18672,991.15,22.66
1827,0.25,0.69,0.62,0.28,-0.07,0.65,-0.83
1828,18694,991.13,22.66
1829,0.25,0.69,0.62,0.28,-0.07,0.65,-0.83
1830,18714,991.13,22.66
1831,0.25,0.69,0.62,0.28,-0.07,0.65,-0.83
1832,18736,991.13,22.64
1833,0.25,0.69,0.62,0.28,-0.08,0.65,-0.83
1834,18756,991.09,22.64
1835,0.25,0.69,0.62,0.28,-0.07,0.65,-0.84
1836,18778,991.09,22.64
1837,0.25,0.69,0.62,0.28,-0.07,0.64,-0.83
1838,18798,991.09,22.64
1839,0.25,0.69,0.62,0.28,-0.07,0.65,-0.83
1840,18820,991.09,22.62
1841,0.25,0.69,0.62,0.28,-0.07,0.65,-0.83
1842,18840,991.02,22.62
1843,0.25,0.69,0.62,0.28,-0.07,0.65,-0.83
1844,18862,991.02,22.62
1845,0.25,0.69,0.62,0.28,-0.07,0.65,-0.83
1846,18882,991.02,22.65
1847,0.25,0.69,0.62,0.28,-0.07,0.65,-0.83
1848,18904,991.02,22.65
1849,0.25,0.69,0.62,0.28,-0.07,0.65,-0.83
1850,18924,991.11,22.65
1851,0.25,0.69,0.62,0.28,-0.07,0.65,-0.83
1852,18946,991.11,22.65
1853,0.25,0.69,0.62,0.28,-0.07,0.65,-0.84
1854,18966,991.11,22.64
1855,0.25,0.69,0.62,0.28,-0.07,0.65,-0.83
1856,18988,991.11,22.64
1857,0.25,0.69,0.62,0.28,-0.07,0.65,-0.83
1858,19008,991.04,22.64
1859,0.25,0.69,0.62,0.28,-0.07,0.65,-0.83
1860,19030,991.04,22.64
1861,0.25,0.69,0.62,0.28,-0.07,0.65,-0.83
1862,19050,991.04,22.62
1863,0.25,0.69,0.62,0.28,-0.07,0.65,-0.83
1864,19070,991.04,22.62
1865,0.25,0.69,0.62,0.28,-0.07,0.64,-0.84
1866,19092,991.05,22.62
1867,0.25,0.69,0.62,0.28,-0.07,0.65,-0.83
1868,19112,991.05,22.62
1869,0.25,0.69,0.62,0.28,-0.07,0.65,-0.83
1870,19134,991.05,22.64
1871,0.25,0.69,0.62,0.28,-0.07,0.65,-0.83
1872,19154,991.05,22.64
1873,0.25,0.69,0.62,0.28,-0.07,0.65,-0.83
1874,19176,991.03,22.64
1875,0.25,0.69,0.62,0.28,-0.07,0.65,-0.83
1876,19196,991.03,22.64
1877,0.25,0.69,0.62,0.28,-0.07,0.65,-0.83
1878,19218,991.03,22.65
1879,0.25,0.69,0.62,0.28,-0.07,0.65,-0.83
1880,19238,991.09,22.65
1881,0.25,0.69,0.62,0.28,-0.07,0.65,-0.83
1882,19260,991.09,22.65
1883,0.25,0.69,0.62,0.28,-0.08,0.65,-0.83
1884,19280,991.09,22.65
1885,0.25,0.69,0.62,0.28,-0.07,0.64,-0.84
1886,19302,991.09,22.60
1887,0.25,0.69,0.62,0.28,-0.07,0.65,-0.84
1888,19322,990.99,22.60
1889,0.25,0.69,0.62,0.28,-0.07,0.65,-0.83
1890,19343,990.99,22.60
1891,0.25,0.69,0.62,0.28,-0.07,0.65,-0.83
1892,19364,990.99,22.62
1893,0.25,0.69,0.62,0.28,-0.07,0.65,-0.83
1894,19385,990.99,22.62
1895,0.25,0.69,0.62,0.28,-0.07,0.65,-0.83
1896,19406,991.03,22.62
1897,0.25,0.69,0.62,0.28,-0.08,0.65,-0.84
1898,19427,991.03,22.62
1899,0.25,0.69,0.62,0.28,-0.07,0.65,-0.83
1900,19448,991.03,22.62
1901,0.25,0.69,0.62,0.28,-0.08,0.65,-0.84
1902,19469,991.03,22.62
1903,0.25,0.69,0.62,0.28,-0.07,0.65,-0.83
1904,19490,991.02,22.62
1905,0.25,0.69,0.62,0.28,-0.07,0.65,-0.83
1906,19511,991.02,22.62
1907,0.25,0.69,0.62,0.28,-0.07,0.65,-0.83
1908,19532,991.02,22.61
1909,0.25,0.69,0.62,0.28,-0.07,0.65,-0.83
1910,19553,991.02,22.61
1911,0.25,0.69,0.62,0.28,-0.07,0.65,-0.84
1912,19574,990.98,22.61
1913,0.25,0.69,0.62,0.28,-0.07,0.64,-0.84
1914,19595,990.98,22.61
1915,0.25,0.69,0.62,0.28,-0.07,0.65,-0.84
1916,19616,990.98,22.62
1917,0.25,0.69,0.62,0.28,-0.08,0.65,-0.84
1918,19637,990.98,22.62
1919,0.25,0.69,0.62,0.28,-0.08,0.65,-0.83
1920,19658,991.04,22.62
1921,0.25,0.68,0.62,0.28,-0.07,0.65,-0.84
1922,19679,991.04,22.62
1923,0.25,0.68,0.62,0.28,-0.07,0.65,-0.83
1924,19700,991.04,22.64
1925,0.25,0.68,0.62,0.28,-0.07,0.65,-0.84
1926,19721,991.07,22.64
1927,0.25,0.68,0.62,0.28,-0.07,0.65,-0.84
1928,19742,991.07,22.64
1929,0.25,0.68,0.62,0.28,-0.07,0.65,-0.83
1930,19763,991.07,22.64
1931,0.25,0.68,0.62,0.28,-0.08,0.65,-0.83
1932,19783,991.07,22.63
1933,0.25,0.68,0.62,0.28,-0.07,0.65,-0.84
1934,19805,991.11,22.63
1935,0.25,0.68,0.62,0.28,-0.07,0.65,-0.83
1936,19825,991.11,22.63
1937,0.25,0.68,0.62,0.28,-0.07,0.64,-0.83
1938,19847,991.11,22.62
1939,0.25,0.68,0.62,0.28,-0.07,0.64,-0.83
1940,19867,991.11,22.62
1941,0.25,0.68,0.62,0.28,-0.07,0.65,-0.83
1942,19889,991.02,22.62
1943,0.25,0.68,0.62,0.28,-0.07,0.65,-0.83
1944,19909,991.02,22.62
1945,0.25,0.68,0.62,0.28,-0.07,0.65,-0.83
1946,19931,991.02,22.64
1947,0.25,0.68,0.62,0.28,-0.07,0.65,-0.83
1948,19951,991.02,22.64
1949,0.25,0.68,0.62,0.28,-0.08,0.65,-0.84
1950,19973,991.05,22.64
1951,0.25,0.68,0.62,0.28,-0.07,0.65,-0.83
1952,19993,991.05,22.64
1953,0.24,0.68,0.62,0.28,-0.07,0.64,-0.83
1954,20015,991.05,22.66
1955,0.24,0.68,0.62,0.28,-0.07,0.65,-0.84
1956,20035,991.05,22.66
1957,0.24,0.68,0.62,0.28,-0.07,0.65,-0.83
1958,20057,991.13,22.66
1959,0.24,0.68,0.62,0.28,-0.07,0.65,-0.83
1960,20077,991.13,22.66
1961,0.24,0.68,0.62,0.28,-0.07,0.65,-0.83
1962,20098,991.13,22.67
1963,0.24,0.68,0.62,0.28,-0.07,0.65,-0.83
1964,20119,991.13,22.67
1965,0.24,0.68,0.63,0.28,-0.08,0.65,-0.84
1966,20140,991.17,22.67
1967,0.24,0.68,0.63,0.28,-0.07,0.65,-0.84
1968,20161,991.17,22.67
1969,0.24,0.68,0.63,0.28,-0.07,0.65,-0.83
1970,20182,991.17,22.64
1971,0.24,0.68,0.63,0.28,-0.07,0.65,-0.84
1972,20203,991.10,22.64
1973,0.24,0.68,0.63,0.28,-0.07,0.65,-0.83
1974,20224,991.10,22.64
1975,0.24,0.68,0.63,0.28,-0.07,0.65,-0.83
1976,20245,991.10,22.64
1977,0.24,0.68,0.63,0.28,-0.07,0.65,-0.83
1978,20265,991.10,22.65
1979,0.24,0.68,0.63,0.28,-0.07,0.65,-0.83
1980,20287,991.12,22.65
1981,0.24,0.68,0.63,0.28,-0.07,0.65,-0.84
1982,20307,991.12,22.65
1983,0.24,0.68,0.63,0.28,-0.07,0.65,-0.83
1984,20329,991.12,22.66
1985,0.24,0.68,0.63,0.28,-0.07,0.65,-0.83
1986,20349,991.12,22.66
1987,0.24,0.68,0.63,0.28,-0.07,0.65,-0.83
1988,20371,991.09,22.66
1989,0.24,0.68,0.63,0.28,-0.07,0.65,-0.83
1990,20391,991.09,22.66
1991,0.24,0.68,0.63,0.28,-0.07,0.65,-0.83
1992,20413,991.09,22.64
1993,0.24,0.68,0.63,0.28,-0.07,0.65,-0.83
1994,20433,991.09,22.64
1995,0.24,0.68,0.63,0.28,-0.07,0.65,-0.83
1996,20455,991.10,22.64
1997,0.24,0.68,0.63,0.28,-0.07,0.65,-0.83
1998,20475,991.10,22.64
1999,0.24,0.68,0.63,0.28,-0.07,0.64,-0.84
2000,20496,991.10,22.63
2001,0.24,0.68,0.63,0.28,-0.07,0.65,-0.84
2002,20517,991.10,22.63
2003,0.24,0.68,0.63,0.28,-0.07,0.65,-0.83
2004,20538,991.07,22.63
2005,0.24,0.68,0.63,0.28,-0.07,0.65,-0.83
2006,20559,991.07,22.63
2007,0.24,0.68,0.63,0.28,-0.07,0.65,-0.83
2008,20580,991.07,22.64
2009,0.24,0.68,0.63,0.28,-0.07,0.65,-0.83
2010,20601,991.07,22.64
2011,0.24,0.68,0.63,0.28,-0.07,0.65,-0.84
2012,20622,991.09,22.64
2013,0.24,0.68,0.63,0.28,-0.07,0.65,-0.84
2014,20643,991.09,22.64
2015,0.24,0.68,0.63,0.28,-0.07,0.65,-0.83
2016,20664,991.09,22.64
2017,0.24,0.68,0.63,0.28,-0.07,0.65,-0.83
2018,20685,991.09,22.64
2019,0.24,0.68,0.63,0.28,-0.07,0.65,-0.83
2020,20706,991.09,22.64
2021,0.24,0.68,0.63,0.28,-0.07,0.65,-0.83
2022,20726,991.09,22.64
2023,0.24,0.68,0.63,0.28,-0.07,0.65,-0.84
2024,20748,991.09,22.65
2025,0.24,0.68,0.63,0.28,-0.07,0.65,-0.83
2026,20768,991.14,22.65
2027,0.24,0.68,0.63,0.28,-0.07,0.65,-0.84
2028,20790,991.14,22.65
2029,0.24,0.68,0.63,0.28,-0.07,0.65,-0.84
2030,20810,991.14,22.63
2031,0.24,0.68,0.63,0.28,-0.07,0.65,-0.83
2032,20832,991.14,22.63
2033,0.24,0.68,0.63,0.28,-0.07,0.65,-0.83
2034,20852,991.04,22.63
2035,0.24,0.68,0.63,0.28,-0.07,0.65,-0.84
2036,20874,991.04,22.63
2037,0.24,0.68,0.63,0.28,-0.07,0.65,-0.83
2038,20894,991.04,22.62
2039,0.24,0.68,0.63,0.28,-0.07,0.65,-0.83
2040,20916,991.04,22.62
2041,0.24,0.68,0.63,0.28,-0.07,0.65,-0.84
2042,20936,991.03,22.62
2043,0.24,0.68,0.63,0.28,-0.07,0.65,-0.84
2044,20958,991.03,22.62
2045,0.24,0.68,0.63,0.28,-0.07,0.65,-0.84
2046,20978,991.03,22.64
2047,0.24,0.68,0.63,0.28,-0.07,0.65,-0.84
2048,20999,991.03,22.64
2049,0.24,0.68,0.63,0.28,-0.08,0.65,-0.84
2050,21020,991.11,22.64
2051,0.24,0.68,0.63,0.28,-0.07,0.65,-0.83
2052,21041,991.11,22.64
2053,0.24,0.68,0.63,0.28,-0.07,0.65,-0.83
2054,21062,991.11,22.64
2055,0.24,0.68,0.63,0.28,-0.07,0.65,-0.83
2056,21083,991.11,22.64
2057,0.24,0.68,0.63,0.28,-0.07,0.65,-0.84
2058,21104,991.03,22.64
2059,0.24,0.68,0.63,0.28,-0.07,0.65,-0.83
2060,21125,991.03,22.64
2061,0.24,0.68,0.63,0.28,-0.07,0.65,-0.83
2062,21146,991.03,22.66
2063,0.24,0.68,0.63,0.28,-0.07,0.65,-0.83
2064,21167,991.10,22.66
2065,0.24,0.68,0.63,0.28,-0.07,0.65,-0.83
2066,21188,991.10,22.66
2067,0.24,0.68,0.63,0.28,-0.07,0.65,-0.83
2068,21209,991.10,22.66
2069,0.24,0.68,0.63,0.28,-0.07,0.65,-0.83
2070,21230,991.10,22.69
2071,0.24,0.68,0.63,0.28,-0.07,0.65,-0.84
2072,21251,991.27,22.69
2073,0.24,0.68,0.63,0.28,-0.07,0.65,-0.84
2074,21271,991.27,22.69
2075,0.24,0.68,0.63,0.28,-0.07,0.65,-0.83
2076,21293,991.27,22.64
2077,0.24,0.68,0.63,0.28,-0.07,0.65,-0.83
2078,21313,991.27,22.64
2079,0.24,0.68,0.63,0.28,-0.07,0.65,-0.84
2080,21335,991.05,22.64
2081,0.24,0.68,0.63,0.28,-0.07,0.65,-0.83
2082,21355,991.05,22.64
2083,0.24,0.68,0.63,0.28,-0.07,0.65,-0.83
2084,21377,991.05,22.63
2085,0.24,0.68,0.63,0.28,-0.07,0.65,-0.83
2086,21397,991.05,22.63
2087,0.24,0.68,0.63,0.28,-0.07,0.65,-0.83
2088,21419,991.08,22.63
2089,0.24,0.68,0.63,0.28,-0.07,0.65,-0.84
2090,21439,991.08,22.63
2091,0.24,0.68,0.63,0.28,-0.07,0.65,-0.83
2092,21460,991.08,22.63
2093,0.24,0.68,0.63,0.28,-0.07,0.65,-0.84
2094,21481,991.08,22.63
2095,0.24,0.68,0.63,0.28,-0.07,0.65,-0.83
2096,21502,991.08,22.63
2097,0.24,0.68,0.63,0.28,-0.07,0.65,-0.84
2098,21523,991.08,22.63
2099,0.24,0.68,0.63,0.28,-0.07,0.65,-0.84
2100,21544,991.08,22.64
2101,0.24,0.68,0.63,0.28,-0.07,0.64,-0.83
2102,21565,991.08,22.64
2103,0.24,0.68,0.63,0.28,-0.07,0.65,-0.83